"V1";"V2";"V3";"V4";"V5";"V6";"V7";"sil"
0.384874025516822;1;0.702107543064982;0.722670937195377;0.659770844253175;-0.315011481056257;0.273414376321353;0.659521384853853
0.423065154993662;1;0.721265411236307;0.714610867382724;0.7195027159448;-0.65511531776974;0.273414376321353;0.717827248309706
0.429126447672304;1;0.722514992808879;0.55146577137242;0.696463187345501;-0.0983717147820949;0.273414376321353;0.692885372366218
0.43500559953742;1;0.637168680816492;0.597156613372093;0.623988269907802;-0.0473947306516113;0.217625039821599;0.62146444981508
0.446573850820565;1;0.722514992808879;0.55146577137242;-0.182075966613874;-0.0567015107990223;0.273414376321353;-0.142056438922282
0.452256410720098;1;0.722514992808879;0.55146577137242;0.77237495505822;-0.105438327258776;0.0334097608909271;0.765009164567396
0.483849852660083;1;0.609904714316448;0.278482187036121;0.59330141632553;-0.524847494058702;0.273414376321353;0.592661301652524
0.498696726583393;1;0.693539530190318;0.722670937195377;0.659770844253175;-0.233929806906094;0.273414376321353;0.660493703331345
0.530559660272872;1;0.693539530190318;0.647524179160537;0.715607048235838;-0.284052620259517;0.0334097608909271;0.714608789121195
0.53773203013165;1;0.620917722923703;0.662254100781758;0.654891969991525;-0.302221084000745;0.253338937143925;0.655024814248014
0.540020155629834;1;0.702107543064982;0.717627955629075;0.732309574648163;-0.254960504043634;0.253338937143925;0.731737986881853
0.560586180887004;1;0.72039343848182;0.686304091845746;0.77247251547947;-0.269144840860659;0.273414376321353;0.770196209143541
-0.751984253401902;-0.870879120879121;-0.605206178591451;-0.842077758770623;-0.475185409275506;-0.707281884006022;-0.5027640106748;-0.471705347448438
0.562868014709406;1;0.721265411236307;0.714610867382724;0.769471261034277;-0.2298656163114;0.217625039821599;0.767637740676168
0.562868014709406;1;0.721265411236307;0.714610867382724;0.772081342096493;-0.449871090139612;0.217625039821599;0.769898767484959
0.562868014709406;1;0.30737740614929;0.712064465537622;0.633718786532227;-0.524847494058702;0.217625039821599;0.632004774177605
0.568202209662526;1;0.72039343848182;0.704300408273746;0.736242125047391;-0.317475597743351;0.253338937143925;0.735519763377408
0.574942927400944;1;0.721265411236307;0.675414426691026;0.623988269907802;-0.524847494058702;0.231214210587823;0.625360503470515
0.576499567818354;1;0.702107543064982;0.722670937195377;0.758331898444783;-0.254960504043634;0.273414376321353;0.75761212565712
0.579284976723326;1;0.721265411236307;0.699158374673816;0.754739221020401;-0.308952388337469;0.217625039821599;0.753833424765405
0.579284976723326;1;0.693539530190318;0.722670937195377;0.772906329875207;-0.215615444571017;0.253338937143925;0.770871948736548
-0.579284976723326;-1;-0.277218333927007;0.0398305084745761;0.298524944688887;-0.143511618921455;-0.273414376321353;0.293677575291361
-0.60088492937635;-0.0128205128205127;0.223232776649902;-0.714610867382724;-0.0181676179156711;-0.223921166488734;-0.402245618711268;-0.0104708314163184
0.590327147849138;1;0.609904714316448;0.719315245478036;0.688114880946028;-0.586440061037924;0.0334097608909271;0.686935122482303
0.590327147849138;1;0.721265411236307;0.686304091845746;0.688114880946028;-0.254960504043634;0.0334097608909271;0.687808007565276
0.591219875568663;1;0.609904714316448;0.647524179160537;0.633718786532227;-0.317475597743351;0.217625039821599;0.634040785908124
0.591219875568663;1;0.620917722923703;0.662254100781758;0.704888388110565;-0.284052620259517;-0.176397899289466;0.703833660899524
-0.591219875568663;-1;0.364269475769239;-0.0971674564989328;0.283306686169019;-0.385873605947956;-0.217625039821599;0.287898439392697
-0.591219875568663;-1;-0.255115495191831;-0.0669834896964234;-0.552362910149688;-0.254664281280806;-0.217625039821599;-0.536804583680132
0.591219875568663;1;0.189786842256694;0.362851845276841;0.409876645886252;-0.571726708789706;0.217625039821599;0.41244129385914
0.591219875568663;1;0.30737740614929;0.433717173235151;0.772747093023256;-0.336635030198447;0.217625039821599;0.765711621520976
0.592055564226627;1;0.609904714316448;-0.124481106403867;0.752430341584581;-0.586440061037924;0.231214210587823;0.749282561233025
0.59240909128381;1;0.643882378352738;0.686304091845746;0.658649299895718;-0.217482100238664;0.253338937143925;0.658878994275745
0.592226424829503;1;0.534105888467085;0.675414426691026;0.560657889189855;-0.312631027253669;-0.832195121951219;0.561179113185521
-0.605157462205058;-1;0.178372112540125;0.0669834896964234;-0.298986252920072;-0.372668344995738;-0.402245618711268;-0.293085729382253
0.590898967835882;1;0.30737740614929;0.712064465537622;0.370416063731573;-0.475917667782838;0.253338937143925;0.37871162114507
0.589454510509671;1;0.30737740614929;0.647524179160537;0.578712997514955;-0.475917667782838;0.231214210587823;0.578332513159008
0.588450185967095;1;0.609904714316448;0.722670937195377;0.740562531190738;-0.2298656163114;0.253338937143925;0.739168635383449
0.587162505459634;1;0.637168680816492;0.086502199874293;0.469849390919158;-0.175069973565542;0.273414376321353;0.472891713146341
0.585582746122155;1;0.30737740614929;0.647524179160537;0.428361872693011;-0.653551246979893;0.231214210587823;0.432249209247077
0.58370182334316;1;0.721265411236307;0.699158374673816;0.77237495505822;-0.206271001725547;0.253338937143925;0.770344622328067
0.58370182334316;1;0.702107543064982;0.722670937195377;0.772906329875207;-0.376558561302001;0.231214210587823;0.771300316660453
0.581239053586287;1;-0.130031125898895;-0.542095716285838;-0.37902501677692;-0.312631027253669;0.217625039821599;-0.36861723820015
0.581239053586287;1;0.126206452798971;0.647524179160537;0.242261309024965;-0.302221084000745;0.217625039821599;0.251976538410038
0.575047305133369;1;0.637168680816492;0.714610867382724;0.590948931955581;-0.312631027253669;0.273414376321353;0.593178564985219
0.571570953962981;1;0.189786842256694;0.362851845276841;0.390572024231533;-0.586440061037924;0.253338937143925;0.39375845149826
0.563815234158978;1;0.609904714316448;-0.336588223806269;0.709530590470685;-0.188479448374675;-0.176397899289466;0.704599867885848
0.563815234158978;1;0.693539530190318;0.647524179160537;0.76651893166011;-0.294801609582632;-0.176397899289466;0.765025233480569
-0.563815234158978;-1;0.542519174904387;-0.00840336134453782;0.296575233513563;-0.381994470620303;-0.231214210587823;0.301741583463978
0.540821920615646;1;0.721265411236307;0.607406369664705;0.684582786722322;-0.320272980987266;-0.405290391218144;0.684039805847111
0.540821920615646;1;0.721265411236307;0.607406369664705;0.684582786722322;-0.318501326259947;-0.320021441972662;0.684060048035123
0.540821920615646;1;0.30737740614929;0.433717173235151;0.463322405393194;-0.615447616279838;0.253338937143925;0.464825666861182
-0.546058139534883;-1;0.277218333927007;-0.206185567010309;-0.264707792668333;-0.464935474593411;-0.393401162790698;-0.251477954914545
0.529029147077168;1;0.607593092176516;0.597156613372093;0.77237495505822;-0.215615444571017;0.0334097608909271;0.7665052024492
-0.52261423769075;-0.852006688963211;0.463227381104129;-0.33216237314598;0.0460576223091335;-0.607242093687714;-0.273414376321353;0.0582744043656903
0.503146310285993;1;0.126206452798971;0.362851845276841;-0.238093425527334;-0.294801609582632;0.253338937143925;-0.22633273401181
0.503146310285993;1;0.189786842256694;0.552983926128591;0.0221998773208898;-0.309240939349112;0.273414376321353;0.0379605029191751
0.495698506965643;1;0.637168680816492;0.714610867382724;0.721309715512614;-0.31821401783482;0.253338937143925;0.720165475070688
0.487743102160472;1;0.126206452798971;0.362851845276841;0.148937102899704;-0.376558561302001;0.273414376321353;0.15843917353755
0.479261860919775;1;0.609904714316448;0.647524179160537;0.642755861030035;-0.261638664791651;0.273414376321353;0.642808370582103
0.470235664283372;1;0.721265411236307;0.714610867382724;0.772081342096493;-0.205379347285458;0.217625039821599;0.770261647295606
0.470235664283372;1;0.693539530190318;0.647524179160537;0.771148278265118;-0.309240939349112;-0.320021441972662;0.769002233024415
0.470235664283372;1;0.668122659613783;0.69540542599384;0.766245329962051;-0.253856041131106;-0.517033488871454;0.764515099256348
0.470235664283372;1;0.522930522455226;0.722670937195377;0.711819424124653;-0.12809594251902;-0.517033488871454;0.709267605854392
-0.470235664283372;-1;0.506644453085702;0.085900194154379;0.230973472705884;-0.355828419620294;-0.217625039821599;0.23708347816622
-0.470235664283372;-1;0.364269475769239;-0.0971674564989328;0.00489150795908752;-0.60942914179915;-0.217625039821599;0.014623255975275
0.460154495852578;1;0.72039343848182;0.603677397181808;0.757491416770779;-0.642720115601176;0.231214210587823;0.756562189155767
0.449496702533843;1;0.693539530190318;0.722670937195377;0.757776257789938;-0.233929806906094;0.231214210587823;0.757021679825913
-0.430729555542322;-1;0.255115495191831;-0.433717173235151;-0.251990818064144;-0.349590034064802;-0.393401162790698;-0.237675567716054
0.414937809884635;1;0.609904714316448;0.699158374673816;0.740562531190738;-0.291770254460368;-0.176397899289466;0.738947970747555
0.414937809884635;1;0.72039343848182;0.603677397181808;0.771148278265118;-0.475917667782838;0.0334097608909271;0.76901345498149
-0.389618451840887;-1;0.255115495191831;-0.362851845276841;-0.298113352921391;-0.35483311760355;-0.402245618711268;-0.28608815853613
0.344932185070256;1;0.721265411236307;0.699158374673816;0.772653796832218;-0.322754619681994;0.217625039821599;0.77072224828132
0.344932185070256;1;0.620917722923703;0.714610867382724;0.767547236085296;-0.206271001725547;-0.517033488871454;0.764888619468649
0.344932185070256;1;0.620917722923703;0.714610867382724;0.76828892653627;-0.253856041131106;-0.517033488871454;0.765591959335028
0.344932185070256;1;0.58162080510433;0.597156613372093;0.582404198088902;-0.270242914979757;-0.517033488871454;0.582984861850006
0.344932185070256;1;0.522930522455226;0.722670937195377;0.668253160073495;-0.253856041131106;-0.832195121951219;0.667280135007168
-0.344932185070256;-1;0.277218333927007;0.139667350193666;-0.192146734347805;-0.265948613504621;-0.35325127377289;-0.178112509964458
-0.344932185070256;-1;0.130031125898895;0.0873945157592045;-0.289321668148327;-0.23230408089563;-0.35325127377289;-0.269495868564098
0.327808015833746;1;0.30737740614929;0.362851845276841;0.307495726390614;-0.571726708789706;0.0334097608909271;0.314755202727223
-0.291315406976744;-0.880743417656169;-0.5135033693261;-0.278482187036121;-0.366186892640716;-0.246605893130688;-0.393401162790698;-0.333379589681135
0.253396586870444;1;0.609904714316448;0.712064465537622;0.735319721974566;-0.309240939349112;-0.176397899289466;0.733850124340521
0.253396586870444;1;0.637168680816492;0.086502199874293;0.463322405393194;-0.629338874778727;-0.176397899289466;0.465906106779439
0.144194079607985;1;0.609904714316448;0.699158374673816;0.565867567160524;-0.270242914979757;0.0334097608909271;0.568443412323673
0.144194079607985;1;0.637168680816492;0.714610867382724;0.77237495505822;-0.254960504043634;-0.176397899289466;0.769180501261481
0.144194079607985;1;0.714463757604237;0.278482187036121;0.721309715512614;-0.571726708789706;-0.832195121951219;0.718321791474417
-0.144194079607985;-1;-0.620917722923703;-0.647524179160537;-0.751800214408185;-0.256070047271165;-0.766666666666667;-0.747246031156914
-0.144194079607985;-1;-0.520400253204835;-0.714610867382724;-0.500933250142763;-0.144731296101159;-0.402245618711268;-0.465263391534149
-0.154392559323414;-1;0.364269475769239;-0.0971674564989328;0.289609116974558;-0.414847630142866;-0.253338937143925;0.293782144190163
-0.154392559323414;-1;-0.417147735588259;-0.171216538563477;-0.565867567160524;-0.181420765027323;-0.255596255596256;-0.558761791167764
-0.119887329189654;-1;-0.609904714316448;-0.722670937195377;-0.287005212094159;-0.187305093555093;-0.393401162790698;-0.268255364181671
0.0953364451237153;1;0.72039343848182;0.704300408273746;0.716830844852325;-0.336635030198447;0.273414376321353;0.716070630372568
-0.0953364451237153;-1;-0.332331883542174;0.00840336134453782;-0.19777700546408;-0.214579348853569;-0.402245618711268;-0.195151606826674
0.0175310220997874;1;0.609904714316448;0.699158374673816;0.613449526230712;-0.281244122625541;0.0334097608909271;0.614078813550648
0.0175310220997874;1;0.637168680816492;0.603677397181808;0.704888388110565;-0.736446746600078;-0.320021441972662;0.702891833107132
0.0139611577591821;-1;-0.609904714316448;0.120400075485941;-0.494451059297553;-0.283466701084151;-0.352180637179091;-0.491297078305174
-0.117285860207208;1;0.637168680816492;0.086502199874293;0.764584266111828;-0.571726708789706;-0.176397899289466;0.760705817980524
-0.117285860207208;1;0.637168680816492;0.362851845276841;0.521803588501735;-0.206271001725547;-0.405290391218144;0.52386227084679
-0.117285860207208;1;0.722514992808879;0.647524179160537;0.763322940490877;-0.615447616279838;-0.320021441972662;0.761965860567777
-0.117285860207208;1;0.722514992808879;0.647524179160537;0.763322940490877;-0.642720115601176;-0.405290391218144;0.761901668260592
-0.117285860207208;1;0.693539530190318;0.597156613372093;0.748022492750901;-0.0851913786696401;-0.320021441972662;0.744747005998577
-0.117285860207208;1;0.490739129196505;0.562463269246915;0.728296011469746;-0.208291898215853;-0.574332151507705;0.72432709404562
-0.0139611577591821;-1;0.364269475769239;-0.0971674564989328;0.299886151973501;-0.10355460865665;-0.217625039821599;0.300147925485511
-0.0144300144300144;-0.852006688963211;0.435312615364605;-0.161481269659708;0.278700791727934;-0.602068345323741;-0.231214210587823;0.286443976458097
-0.0185972782701942;-1;0.542519174904387;-0.00840336134453782;0.227224348146018;-0.10355460865665;-0.231214210587823;0.237193884403042
0.0245033900321159;-1;-0.480114880604015;0.124481106403867;-0.475616898934701;-0.197815686768223;-0.393401162790698;-0.438632195039821
0.0259411057890146;-1;-0.609904714316448;0.124481106403867;-0.626035601266858;-0.408931264289536;-0.583783783783784;-0.621768537435558
0.0259411057890146;-1;-0.637168680816492;-0.0398305084745761;-0.277079606440072;-0.336470267321331;-0.583783783783784;-0.273753293645957
-0.349961064080987;1;0.637168680816492;0.362851845276841;0.565867567160524;-0.254960504043634;-0.320021441972662;0.566598306671197
0.0259411057890146;-1;-0.722514992808879;-0.362851845276841;-0.692578420589866;-0.539288925779899;-0.352180637179091;-0.688687498524631
-0.0259411057890146;-1;0.542519174904387;-0.00840336134453782;0.221775351910371;-0.305553741674285;-0.273414376321353;0.23109535308106
-0.0259411057890146;-1;0.471218307474756;-0.00840336134453782;-0.153703909903605;0.0108684256508825;-0.802785515320334;-0.133101814529191
0.0259411057890146;-1;0.255115495191831;0.0245690984477263;-0.258293374611804;-0.335763102180292;-0.35325127377289;-0.245005344073053
-0.0259411057890146;-1;-0.335225084888158;-0.00840336134453782;-0.637323860182515;-0.343711955706019;-0.802785515320334;-0.619635560084703
0.0259411057890146;-1;0.130031125898895;0.0669834896964234;-0.271217837687924;-0.246605893130688;-0.35325127377289;-0.252434624436023
0.0259411057890146;-1;-0.189786842256694;0.0800606579049693;-0.298817533997672;-0.214579348853569;-0.309364548494983;-0.285364287782349
-0.0259851354804309;-1;0.533299896771249;-0.199378729665658;0.127663139083573;-0.270608770761728;-0.273414376321353;0.135043573909088
-0.0296662978277329;-1;0.332331883542174;0.0893781677475611;0.295728563584989;-0.307086477578281;-0.162728182045511;0.29358300806691
0.0315222192773214;-1;0.223232776649902;0.124481106403867;-0.227224348146018;-0.408931264289536;-0.364131239816323;-0.215114041396059
0.033941000994365;-1;-0.480114880604015;-0.603677397181808;-0.416272183051314;-0.0797788260864189;-0.364131239816323;-0.37991210638142
-0.033941000994365;-1;0.364269475769239;-0.0971674564989328;0.299574825013016;0.0577870163095627;-0.253338937143925;0.301140576940095
-0.033941000994365;-1;-0.277218333927007;0.0426651081239042;0.0309889360853193;-0.204881110618815;-0.162728182045511;0.0368879513404751
0.038672165506051;-1;-0.637168680816492;0.0669834896964234;-0.68538582104865;-0.539288925779899;-0.766666666666667;-0.67614176188004
0.038672165506051;-1;-0.637168680816492;0.0669834896964234;-0.68538582104865;-0.539288925779899;-0.900215982721382;-0.675956126767077
0.038672165506051;-1;-0.637168680816492;0.0669834896964234;-0.723762896491031;-0.283466701084151;-0.583783783783784;-0.715904539902981
-0.499008943678994;1;0.637168680816492;0.686304091845746;0.710624149037692;-0.253856041131106;-0.832195121951219;0.708723884408886
0.038672165506051;-1;-0.542519174904387;0.00840336134453782;-0.0181676179156711;-0.349525784005338;-0.35325127377289;-0.0214730131768089
-0.038672165506051;-1;0.542519174904387;-0.00840336134453782;0.182334266681395;-0.508064516129032;-0.217625039821599;0.187757196620123
0.038672165506051;-1;-0.471218307474756;0.0800606579049693;-0.134728021638967;-0.190625242804657;-0.35325127377289;-0.134061561398654
0.038672165506051;-1;0.130031125898895;0.0669834896964234;-0.248497641586348;-0.335763102180292;-0.35325127377289;-0.22982523299481
0.038672165506051;-1;-0.48853374481061;0.120400075485941;-0.540213207360272;-0.292924935289043;-0.309364548494983;-0.536067866750813
-0.0350993584728525;-0.852006688963211;0.435312615364605;-0.161481269659708;0.205672132128453;-0.414847630142866;-0.231214210587823;0.220710812637092
-0.691207613604471;-1;0.224949819349659;-0.73917694647812;-0.124887821239179;-0.686718235681369;-0.541471668226654;-0.0939532874780011
-0.0332915492151159;-1;0.542519174904387;-0.0971674564989328;0.251990818064144;-0.269684245885119;-0.253338937143925;0.260829492413739
-0.0333200856399278;-1;0.471218307474756;-0.633784920286675;0.294094646236621;-0.385135035255511;-0.330576923076923;0.292505253177038
0.0343094560680254;-1;-0.471218307474756;0.0669834896964234;-0.0698616580178785;-0.355046269519954;-0.402245618711268;-0.0692749247390768
0.0352722239514695;-1;-0.609904714316448;0.00840336134453782;-0.353787310275111;-0.214579348853569;-0.3904671008309;-0.350240033898168
0.0352722239514695;-1;-0.609904714316448;0.0245690984477263;-0.385991265657781;-0.360849897495321;-0.309364548494983;-0.385245974359347
0.0352722239514695;-1;-0.637168680816492;-0.086502199874293;-0.259091565176034;-0.539288925779899;-0.352180637179091;-0.243946257380707
0.0352722239514695;-1;-0.637168680816492;-0.362851845276841;-0.353787310275111;-0.354256868854449;-0.309716599190283;-0.354262609358867
-0.58656905313577;1;0.637168680816492;0.527743093491494;0.76828892653627;-0.12809594251902;-0.574332151507705;0.76079579905966
-0.58656905313577;1;0.637168680816492;0.527743093491494;0.711237462503046;-0.145931727846622;-0.92618025751073;0.707550857847103
0.0352722239514695;-1;-0.653250773993808;-0.675414426691026;-0.572069548388594;-0.356575342465754;-0.583783783783784;-0.569773873173417
-0.58656905313577;1;0.721265411236307;0.647524179160537;0.769690789184882;-0.145931727846622;-0.832195121951219;0.766576857174291
-0.58656905313577;1;0.620917722923703;0.714610867382724;0.771661226409862;-0.261638664791651;-0.517033488871454;0.767869450325153
-0.0352722239514695;-1;0.533299896771249;0.0398305084745761;0.284542220448824;-0.254664281280806;-0.217625039821599;0.292547861441905
0.0352722239514695;-1;0.178372112540125;0.124481106403867;-0.298260686915917;-0.283466701084151;-0.352180637179091;-0.293718296594956
-0.0352722239514695;-1;-0.223232776649902;-0.177290836653386;-0.290301762120005;-0.516145973606248;-0.914903846153846;-0.26709902603228
-0.0352722239514695;-1;-0.335225084888158;-0.482845441818676;-0.23770103163739;-0.343711955706019;-0.460897608169847;-0.237468473860362
0.0352722239514695;-1;-0.126206452798971;-0.055352928556104;-0.292156559354574;-0.214579348853569;-0.352180637179091;-0.28040834997929
-0.0306965761511216;-1;0.533299896771249;0.0398305084745761;0.261784165279592;-0.270608770761728;-0.253338937143925;0.272828796764192
0.0267403404049369;-1;-0.471218307474756;0.0394404952992433;-0.164442242627021;-0.144107213243989;-0.309716599190283;-0.164268046671313
-0.0267403404049369;-1;-0.178372112540125;0.085900194154379;0.0309889360853193;0.0108684256508825;-0.255596255596256;0.0388914380042044
-0.0256239354217582;-0.852006688963211;0.463227381104129;-0.155142920207483;0.0520819584307088;-0.4926178979447;-0.253338937143925;0.0634903884757781
0.0256239354217582;-0.0128205128205127;-0.372460939736528;-0.185820622593206;-0.653761373559819;-0.21146449704142;-0.364131239816323;-0.641526380160858
-0.0229127051556956;-1;0.471218307474756;-0.0669834896964234;0.192146734347805;-0.0201573342371421;-0.162728182045511;0.193060328906863
-0.0230221257725151;-0.852006688963211;0.252516930979756;-0.210001366306873;0.0217967421827615;-0.269684245885119;-0.217625039821599;0.0371584598692814
0.0230221257725151;-1;-0.623594504168495;0.124481106403867;-0.691136789951288;-0.336470267321331;-0.583783783783784;-0.68499373139061
0.0230221257725151;-1;-0.722514992808879;-0.603677397181808;-0.483111341968324;-0.283466701084151;-0.283697632058288;-0.481850972471313
-0.0230221257725151;-1;0.471218307474756;0.0398305084745761;0.29099700283008;-0.16160307885875;-0.330576923076923;0.292645289070289
-0.0230221257725151;-1;0.471218307474756;-0.482845441818676;0.298113352921391;-0.424830275486731;-0.460897608169847;0.298897171784535
0.0230221257725151;-1;0.223232776649902;-0.292703212213063;-0.226431281629652;-0.638336844033336;-0.283697632058288;-0.214436380660954
-0.0230221257725151;-1;-0.335225084888158;-0.155224989551569;-0.349375138084397;-0.405393290919607;-0.330576923076923;-0.34406598818438
-0.0230221257725151;-1;-0.389764526404819;0.0893781677475611;-0.315831484718937;-0.343711955706019;-0.802785515320334;-0.305717570371934
0.0230221257725151;-1;0.00937005327568896;0.0760468410237995;-0.225705850191361;-0.35483311760355;-0.900215982721382;-0.205858704581228
0.0230221257725151;-1;-0.354606455023987;-0.0893781677475611;-0.284924305357519;-0.35483311760355;-0.900215982721382;-0.272473251112201
-0.646202977350518;1;0.609904714316448;0.686304091845746;0.541586091717314;-0.0873164609195019;-0.320021441972662;0.543445665471445
-0.0288702216048332;-1;0.542519174904387;-0.0669834896964234;0.178439488360418;-0.10355460865665;-0.255596255596256;0.183346804723893
0.0330496197030065;-1;-0.542519174904387;0.00840336134453782;0.00852878464818763;-0.21146449704142;-0.402245618711268;0.00609286893973408
-0.0343407211294396;-0.852006688963211;0.520400253204835;-0.138033118320978;0.032882800582959;-0.366628420539742;-0.253338937143925;0.0379394714292778
-0.375858337065234;0.843589743589744;0.40768790453965;-0.433143988497891;0.00234721657690615;0.322754619681994;0.145536562203229;0.0206689945331298
0.0387520816579813;-1;-0.722514992808879;-0.362851845276841;-0.714521818656911;-0.214579348853569;-0.352180637179091;-0.710194330427688
0.0387520816579813;-1;-0.471218307474756;-0.0398305084745761;-0.0735978139309397;-0.267073926744847;-0.35325127377289;-0.0735026072359551
0.0387520816579813;-1;-0.332331883542174;-0.100404547673851;-0.204115125675165;-0.638336844033336;-0.283697632058288;-0.201755110893681
0.0387520816579813;-1;0.223232776649902;-0.334333098094566;-0.234178441805561;-0.61572303985754;-0.3904671008309;-0.222386631084206
0.0387520816579813;-1;0.255115495191831;-0.10718289357003;-0.29952198403723;-0.408931264289536;-0.352180637179091;-0.292455894421662
0.0387520816579813;-1;0.277218333927007;-0.10718289357003;-0.297639783977463;-0.336470267321331;-0.283697632058288;-0.286040423416197
-0.0387520816579813;-1;-0.335225084888158;-0.482845441818676;-0.557756650931616;0.0108684256508825;-0.500450369302828;-0.548161287320902
0.0387520816579813;-1;0.178965416605866;-0.0893781677475611;-0.283885303280095;-0.408931264289536;-0.900215982721382;-0.277026105963125
-0.0387520816579813;-1;-0.389764526404819;0.0893781677475611;-0.0840356336000482;0.0108684256508825;-0.659615384615385;-0.0793000962946865
0.0387520816579813;-1;-0.189786842256694;0.00840336134453782;-0.298161036265998;-0.539288925779899;-0.900215982721382;-0.285495028674691
-0.357280612584197;-1;0.430377597681894;-0.29064039408867;0.498298107203418;0.0851913786696401;-0.233879492600423;0.502723088471413
-0.0368404542317587;-1;-0.277218333927007;0.0426651081239042;0.297557175531761;-0.16160307885875;-0.162728182045511;0.291479175193031
-0.0358866384691355;-1;0.542519174904387;-0.0873945157592045;0.0821227006843361;-0.493191299864061;-0.162728182045511;0.0854340891557522
0.0358647974542007;-0.0609756097560975;-0.511188619481244;-0.206185567010309;-0.297828829826353;-0.692250646435744;-0.402245618711268;-0.258837653421445
-0.0344035594035595;-0.852006688963211;0.435312615364605;-0.210001366306873;0.189193448614138;-0.4926178979447;-0.253338937143925;0.202541842151934
-0.0349225718353229;-1;0.533299896771249;-0.199378729665658;0.174067722013011;-0.361099164413861;-0.162728182045511;0.181967085390139
-0.504209229505672;-1;0.224949819349659;-0.17811326276767;-0.17282447006322;-0.720423773810314;-0.494306667953295;-0.144205693767052
-0.155990838006477;0.843589743589744;0.356737604812249;-0.122686984916809;-0.326872713373645;0.10355460865665;-0.339578454332553;-0.315658053305535
0.0369355415226976;-1;-0.637168680816492;-0.616903709398424;-0.389197176785212;-0.0995322245322243;-0.583783783783784;-0.390673660610513
-0.0369355415226976;-1;0.471218307474756;-0.120400075485941;0.24928652513085;-0.424830275486731;-0.36844075155326;0.251873224493943
-0.0369355415226976;-1;0.471218307474756;-0.253959709063068;0.28069548630524;-0.507093316519546;-0.36844075155326;0.280747892988395
-0.0369355415226976;-1;-0.178372112540125;-0.0800606579049693;-0.349375138084397;-0.343711955706019;-0.802785515320334;-0.336403815963575
0.0369355415226976;-1;0.255115495191831;-0.10718289357003;-0.298992046778843;-0.539288925779899;-0.583783783783784;-0.29159464480267
0.0369355415226976;-1;0.255115495191831;0.0669834896964234;-0.0140084156595132;-0.336470267321331;-0.283697632058288;-0.0074977777449732
0.0369355415226976;-1;0.260465456674473;-0.0893781677475611;-0.209714611447052;-0.408931264289536;-0.283697632058288;-0.194473739121324
0.0012520032051283;0.843589743589744;0.744625829711244;-0.29064039408867;0.211541300517262;0.322754619681994;0.145536562203229;0.23183194222071
0.034715525554483;0.843589743589744;0.74907988742152;0.210001366306873;0.500743935590371;-0.00355291513774845;-0.383983213848575;0.512527720427081
-0.0664102564102553;-1;-0.471218307474756;0.0669834896964234;-0.0574195320520903;-0.349525784005338;-0.364131239816323;-0.0553819204487176
-0.435320114667941;-0.843589743589744;-0.59572994210091;-0.661190484156991;-0.581068432724501;0.254664281280806;-0.145536562203229;-0.579378864975306
-0.46323312702623;-0.870879120879121;-0.827259550678124;-0.613908237431859;-0.687482333515005;-0.534773352859022;-0.5027640106748;-0.671811102291875
0.158499612211803;0.843589743589744;0.75786519467229;0.099236641221374;0.479697570955933;-0.227225565470013;0.145536562203229;0.488092256215897
0.158499612211803;0.843589743589744;0.356737604812249;-0.122686984916809;-0.482079815750036;-0.166260647212288;-0.898039215686275;-0.47045947216584
-0.194202132346462;-0.852006688963211;0.520400253204835;0.0426651081239042;0.115678448442723;-0.254664281280806;-0.255596255596256;0.118252270619572
-0.194202132346462;-1;0.471218307474756;-0.633784920286675;0.298110052661364;-0.489204788371099;-0.802785515320334;0.299313015492403
-0.194202132346462;-1;-0.178372112540125;-0.0800606579049693;0.294095097392792;-0.10355460865665;-0.659615384615385;0.290952537186481
-0.158499612211803;-1;0.223232776649902;-0.118788932348254;-0.0217967421827615;-0.539288925779899;-0.283697632058288;-0.0156472906882329
-0.158499612211803;-1;0.223232776649902;-0.278482187036121;-0.299299622400665;-0.356575342465754;-0.583783783783784;-0.290594959096845
-0.158499612211803;-1;-0.126206452798971;-0.0719397363465161;-0.28654290137441;-0.283466701084151;-0.3904671008309;-0.276306152406749
-0.269241882070544;-1;0.223232776649902;-0.292703212213063;-0.131009226118802;-0.167297315451268;-0.291832104367555;-0.123290954866273
0.295474468551392;0.843589743589744;0.74907988742152;0.161481269659708;0.494993377221596;-0.227225565470013;-0.233879492600423;0.502471125577216
-0.295474468551392;-1;0.223232776649902;-0.334333098094566;-0.274799388670058;-0.654637902947129;-0.309716599190283;-0.26143757664993
-0.295474468551392;-0.0609756097560975;-0.63199173126615;-0.334333098094566;-0.192146734347805;-0.638336844033336;-0.309716599190283;-0.155734374465349
-0.417029267029267;-1;0.332331883542174;0.0893781677475611;0.299789097738574;-0.181420765027323;-0.162728182045511;0.30039715703659
-0.46613176072553;-0.843589743589744;-0.74907988742152;-0.566999855135448;-0.525681674696793;0.143511618921455;0.0169222633527233;-0.52461513775631
-0.46613176072553;-0.843589743589744;-0.664940133465032;-0.801887872079303;-0.844898440047459;-0.201915030576118;-0.85703125;-0.834417784732304
-0.46613176072553;-0.843589743589744;-0.659998806468938;-0.791135628685562;-0.826581304793623;0.143511618921455;-0.85703125;-0.817579015775645
-0.438533071047186;-0.852006688963211;0.535644787016054;-0.200943468005783;0.29963823153182;-0.343711955706019;-0.500450369302828;0.306340644018994
-0.438533071047186;-1;0.471218307474756;-0.633784920286675;0.296411994578525;-0.45352686716497;-0.500450369302828;0.298077088163518
-0.438533071047186;-1;-0.178372112540125;-0.0800606579049693;-0.32423376199284;-0.305553741674285;-0.659615384615385;-0.311935518077147
-0.415537442689761;-1;0.255115495191831;0.0760468410237995;-0.00279655849074438;-0.256070047271165;-0.583783783783784;0.00308578974672723
0.459528759528759;0.843589743589744;0.40768790453965;-0.39979243218984;0.173878406668034;0.289047842401501;-0.0334097608909271;0.183019644071577
0.48280409988444;0.843589743589744;0.74907988742152;0.199378729665658;0.515538214095808;-0.00355291513774845;-0.0334097608909271;0.526264339768535
0.48280409988444;0.843589743589744;0.75786519467229;0.210001366306873;0.521398912646152;0.281244122625541;-0.233879492600423;0.531141598090878
0.48538998389447;0.843589743589744;0.74907988742152;0.199378729665658;0.495499741181486;0.302221084000745;0.176397899289466;0.509139256364528
0.48538998389447;0.843589743589744;0.75786519467229;0.099236641221374;0.492526546308561;0.318031674208145;-0.0334097608909271;0.508089282011128
0.48538998389447;0.843589743589744;0.40768790453965;-0.122686984916809;0.357373333631065;0.308952388337469;-0.0334097608909271;0.360917711546574
-0.547226331360947;-0.0128205128205127;-0.221636239353767;-0.279084551811825;-0.102078374718054;-0.167807692307693;-0.291832104367555;-0.0990983291281471
-0.535802469135802;-1;-0.255715400914464;-0.0173727911432829;-0.361368131868132;0.13926297339871;-0.403566636851521;-0.33297449807122
0.486315789473684;0.843589743589744;0.744625829711244;-0.29064039408867;0.518514145181518;0.308952388337469;-0.233879492600423;0.525946157757685
0.486315789473684;0.843589743589744;0.40768790453965;-0.362652017908742;0.147068152180744;0.314666605689198;-0.383983213848575;0.157693585500378
0.486315789473684;0.843589743589744;0.40768790453965;-0.39979243218984;-0.150632915439684;-0.00355291513774845;-0.0334097608909271;-0.140733753922993
-0.481862525229872;-1;-0.390308704453441;-0.566999855135448;-0.579580937622762;0.300615531284326;0.0169222633527233;-0.573265681746697
-0.481862525229872;-0.843589743589744;-0.744625829711244;-0.705314009661836;-0.632225856502308;-0.201915030576118;0.0169222633527233;-0.617739134659217
0.481862525229872;0.843589743589744;0.75786519467229;0.099236641221374;0.168562250390693;0.322268765338073;0.145536562203229;0.275628924828779
0.481862525229872;0.843589743589744;0.356737604812249;-0.122686984916809;0.251081921248324;0.270242914979757;-0.216659282233053;0.256555762313134
-0.604954367666232;-0.852006688963211;0.533299896771249;-0.133057963163597;0.122373724002925;-0.39401481990101;-0.500450369302828;0.129270977070917
-0.585617107436549;-1;-0.637168680816492;0.0669834896964234;-0.307439825808125;-0.309760956175299;-0.3904671008309;-0.303994253654965
-0.604954367666232;-1;0.471218307474756;-0.00840336134453782;0.298110052661364;-0.45352686716497;-0.659615384615385;0.300825083199631
-0.585617107436549;-1;-0.181710681907765;-0.256128486897718;-0.347972809375076;-0.167297315451268;-0.309364548494983;-0.306898658118243
-0.585617107436549;-1;0.222192063028076;-0.0151814495164812;-0.285844924892079;-0.61572303985754;-0.3904671008309;-0.267576348136284
-0.478535749964321;-1;-0.430377597681894;-0.566999855135448;-0.580461057376378;-0.0108684256508825;-0.33466269459927;-0.575502296799304
0.475482221705787;0.843589743589744;0.40768790453965;-0.39979243218984;-0.0679163780521781;0.308952388337469;-0.233879492600423;-0.0574391352516853
-0.51885228173888;-1;-0.153774576925114;-0.0048948618432485;-0.1298593728667;-0.116779992548436;-0.403566636851521;-0.0909968925852414
0.458286429018136;0.843589743589744;0.744625829711244;-0.29064039408867;0.447939736844621;0.318031674208145;-0.0334097608909271;0.458780610511277
-0.511292486583184;-1;-0.243210077424779;0.0579813144997705;-0.495499741181486;-0.116779992548436;-0.403566636851521;-0.454688960534674
-0.446680538396514;-1;-0.286460200253304;-0.0156861862537697;-0.442493496841323;0.143511618921455;-0.460155567902214;-0.434782120950065
0.446680538396514;0.843589743589744;0.74907988742152;0.199378729665658;0.380956268740908;0.233929806906094;-0.0334097608909271;0.422250918973245
0.439996022934411;0.843589743589744;0.75786519467229;-0.29064039408867;0.515176291384794;0.277951291409321;-0.359619450317125;0.527956399129949
0.432016357982966;0.843589743589744;0.59572994210091;-0.362652017908742;0.533721585685669;-0.166260647212288;-0.76;0.537935074359351
-0.432016357982966;-0.843589743589744;-0.59572994210091;-0.705314009661836;-0.584730569761814;0.143511618921455;-0.642926829268293;-0.582768268785777
0.432016357982966;0.843589743589744;0.744625829711244;-0.29064039408867;0.449417145748569;0.309240939349112;-0.0169222633527233;0.460207350827385
-0.432016357982966;-0.843589743589744;-0.744625829711244;-0.705314009661836;-0.646119188862917;-0.201915030576118;0.216659282233053;-0.631474390790012
-0.501482251482252;-0.870879120879121;-0.827259550678124;-0.774940143655227;-0.821104319642222;0.0217640320733105;-0.65398773006135;-0.800057782943757
0.432016357982966;0.843589743589744;0.75786519467229;-0.122686984916809;0.517417182116319;0.10355460865665;-0.0169222633527233;0.524026920732232
0.432016357982966;0.843589743589744;0.75786519467229;0.099236641221374;0.216713378807321;0.322268765338073;0.176397899289466;0.311354434828725
-0.686708555788987;-0.852006688963211;0.533299896771249;-0.2031708749266;0.032882800582959;0.0108684256508825;-0.330576923076923;0.0395992908986891
-0.686708555788987;-1;-0.178372112540125;-0.0873945157592045;0.078397544425454;-0.507093316519546;-0.500450369302828;0.0819815705617845
-0.671072829609415;-1;0.223232776649902;-0.3141367703801;-0.0712735977873715;-0.214579348853569;-0.3904671008309;-0.0666251851146295
-0.671072829609415;-1;0.255115495191831;0.0669834896964234;-0.52367240106255;-0.141472758763507;-0.309364548494983;-0.47419528195201
-0.671072829609415;-0.0609756097560975;-0.511188619481244;-0.10718289357003;-0.268561174366668;-0.638336844033336;-0.583783783783784;-0.23926540401482
0.383468094405595;0.843589743589744;0.75786519467229;0.210001366306873;0.236893414211439;0.277951291409321;-0.0334097608909271;0.3237985904116
-0.453670854376226;-1;0.231309101654846;0.105471964264723;-0.174359688195991;0.0217640320733105;-0.494306667953295;-0.15994286849978
0.368996768562196;0.843589743589744;0.59572994210091;0.0095622609434764;0.396215244276818;0.253856041131106;0.176397899289466;0.42721594079301
0.368996768562196;0.843589743589744;0.59572994210091;0.210001366306873;0.183015260601467;0.193139197509023;0.145536562203229;0.265190900127633
-0.314701468962249;-1;0.153774576925114;0.0765027322404371;-0.290964880301373;0.0840865863599304;-0.460155567902214;-0.248333761156075
-0.400227161373658;-1;-0.255715400914464;-0.0173727911432829;-0.531793384487901;0.026595744680851;-0.403566636851521;-0.504410843827498
-0.295785147278076;-0.843589743589744;-0.467091791310541;-0.223492156698264;-0.574305597965291;0.114644565336449;-0.33466269459927;-0.56711913899004
-0.386447963800905;-1;-0.153774576925114;0.105471964264723;-0.488370969909403;-0.169191919191919;-0.857575757575758;-0.436737435879963
-0.386447963800905;-1;-0.231778164155213;-0.130335984418114;-0.432294112053441;0.439273375334157;-0.857575757575758;-0.401225261649151
-0.386447963800905;-0.870879120879121;-0.656822621151521;-0.663525458397253;-0.540766596670848;-0.300615531284326;-0.65398773006135;-0.519359830111482
-0.27685322156476;-0.843589743589744;-0.59572994210091;-0.803601664873341;-0.560661458898412;0.254664281280806;-0.642926829268293;-0.55790554594729
-0.27685322156476;-0.843589743589744;-0.59572994210091;-0.803601664873341;-0.518426937019615;-0.420692834562698;0.0368852459016393;-0.515804219334991
0.27685322156476;0.843589743589744;0.59572994210091;-0.484583645911478;0.31666299767281;0.12809594251902;0.145536562203229;0.37691238161202
0.27685322156476;0.843589743589744;0.59572994210091;0.199378729665658;0.471847113920217;0.10355460865665;-0.0169222633527233;0.481329977348558
0.27685322156476;0.843589743589744;0.744625829711244;0.099236641221374;0.535692398307874;-0.166260647212288;-0.76;0.542791759403074
-0.27685322156476;-0.843589743589744;-0.744625829711244;-0.705314009661836;-0.596513399147631;-0.201915030576118;0.0368852459016393;-0.582944826709354
-0.386447963800905;-0.870879120879121;-0.827259550678124;-0.774940143655227;-0.72861397061379;-0.54153994510793;-0.144572092422873;-0.711754208011043
0.27685322156476;0.843589743589744;0.75786519467229;-0.122686984916809;-0.135650918969396;0.253856041131106;-0.0169222633527233;0.0223736893315184
0.27685322156476;0.843589743589744;0.75786519467229;0.199378729665658;0.250132113485484;0.270242914979757;-0.216659282233053;0.335945022235125
0.27685322156476;0.843589743589744;0.75786519467229;0.199378729665658;0.291763868978778;0.270242914979757;-0.339578454332553;0.306662260150998
0.27685322156476;0.843589743589744;0.382980629268839;-0.0426651081239042;-0.582659965378473;-0.166260647212288;-0.898039215686275;-0.569613912973036
-0.711661274202565;-0.852006688963211;0.446623335227352;0.0426651081239042;0.000645319384281358;-0.254664281280806;-0.36844075155326;0.0101982878977319
-0.697609681063937;-1;0.223232776649902;-0.3141367703801;-0.0304817130348276;-0.539288925779899;-0.583783783783784;-0.0249264279513781
-0.697609681063937;-0.0609756097560975;-0.511188619481244;0.00840336134453782;-0.693936877076412;-0.638336844033336;-0.3904671008309;-0.677447054134149
-0.195529035326674;-0.843589743589744;-0.74907988742152;-0.216540315536336;-0.562515497205452;0.246697646400758;-0.33466269459927;-0.542164065412307
-0.167450549450549;-1;0.255715400914464;0.13779567757672;-0.286500953845278;0.246697646400758;-0.460155567902214;-0.2646298929945
0.167450549450549;0.843589743589744;0.75786519467229;-0.39979243218984;0.467100973924332;0.281244122625541;-0.383983213848575;0.485455509856257
-0.138064199294612;-1;0.153774576925114;0.0048948618432485;-0.241307490144547;0.377852592918492;-0.33466269459927;-0.199913522979325
-0.138064199294612;-1;0.243210077424779;-0.0579813144997705;-0.279779205388885;-0.277509821463301;-0.269037495168148;-0.234152285579396
-0.138064199294612;-1;0.243210077424779;0.0048948618432485;-0.261799584465399;-0.0217640320733105;-0.145536562203229;-0.187747353988176
-0.138064199294612;-0.843589743589744;-0.467091791310541;-0.75426513449793;-0.573697673889811;-0.592555208369905;-0.145536562203229;-0.569902314772555
0.138064199294612;0.843589743589744;0.59572994210091;0.210001366306873;0.403309346255404;0.254960504043634;0.176397899289466;0.429499935592219
0.00587157687068427;-1;0.243210077424779;0.130335984418114;-0.290576300189452;0.0201573342371421;-0.460155567902214;-0.236429463274518
-0.169297578981652;-1;-0.247500016789679;0.105471964264723;-0.210210243300423;0.268756998880179;-0.395714285714286;-0.183175388729156
-0.169297578981652;-1;-0.255715400914464;-0.0048948618432485;-0.478984341134907;-0.533267130089374;-0.857575757575758;-0.443336016783568
-0.00587157687068427;-1;0.430377597681894;0.210001366306873;-0.431679224040876;0.253856041131106;0.176397899289466;-0.360007048947605
0.00587157687068427;-0.843589743589744;-0.59572994210091;-0.705314009661836;-0.582307047165022;-0.0108684256508825;-0.642926829268293;-0.581104767763224
-0.00587157687068427;0.843589743589744;0.74907988742152;0.210001366306873;-0.302243487506645;0.12809594251902;-0.0169222633527233;-0.191029545360179
-0.691914899076566;-0.852006688963211;0.489706736719796;-0.129460427213236;-0.364097324603243;-0.385135035255511;-0.162728182045511;-0.341694362206698
-0.0167389956602617;-1;-0.224949819349659;-0.146926935717802;-0.26801429659577;0.16160307885875;-0.460155567902214;-0.205637686416484
-0.279442508710801;-1;0.230383057990448;-0.0326481928379241;-0.176080011112654;-0.116779992548436;-0.494306667953295;-0.154074665651727
-0.14029468289558;-1;-0.224949819349659;-0.354412864622289;-0.25130926289076;-0.412677983773745;-0.145536562203229;-0.207947766197824
-0.748888230062259;-0.880743417656169;-0.463227381104129;-0.265063840493113;-0.680702548842024;-0.309561965811966;-0.309364548494983;-0.599363519106636
-0.790130540811935;-0.880743417656169;-0.489706736719796;-0.427705445153129;-0.630247845120592;-0.144107213243989;-0.291832104367555;-0.604216331747001
0.311420982735724;1;0.514495168277241;0.615877820583379;0.286366726407515;0.806451612903226;-0.0368852459016393;0.307875799086318
-0.416788321167883;-1;-0.514495168277241;-0.156027918781726;-0.288516593362655;-0.0735873850197117;-0.387557797393863;-0.28516098701408
-0.416788321167883;-1;-0.514495168277241;0.202282736802928;-0.147368692070031;0.268756998880179;-0.260534712289581;-0.147244440906125
-0.311420982735724;-1;-0.230383057990448;-0.0942775836392857;-0.282737864656277;0.254664281280806;-0.269037495168148;-0.213674630743702
-0.311420982735724;-1;0.153774576925114;-0.105471964264723;-0.16055910214168;0.254664281280806;0.0169222633527233;-0.119027445408136
-0.311420982735724;-1;0.153774576925114;-0.105471964264723;-0.255253144147049;-0.0217640320733105;-0.145536562203229;-0.200400287089236
-0.416788321167883;-1;-0.247500016789679;0.105471964264723;-0.49046521754908;0.439273375334157;-0.857575757575758;-0.447983287045363
-0.311420982735724;-1;0.255715400914464;0.0048948618432485;-0.244509143249697;0.343711955706019;0.216659282233053;-0.185880481897778
-0.47877358490566;0.843589743589744;0.467091791310541;0.210001366306873;0.212444135969664;0.312631027253669;-0.216659282233053;0.28097943015188
-0.47877358490566;0.843589743589744;0.59572994210091;0.199378729665658;-0.292209239618911;0.291770254460368;-0.0169222633527233;-0.192152194762898
-0.47877358490566;0.843589743589744;0.59572994210091;0.099236641221374;-0.128558616271621;0.309240939349112;-0.216659282233053;0.00197440176955253
-0.311420982735724;-0.843589743589744;-0.59572994210091;-0.705314009661836;-0.584711285875382;-0.597119965352967;0.0368852459016393;-0.582708731998627
-0.47877358490566;0.843589743589744;0.75786519467229;0.199378729665658;0.486376830716453;-0.166260647212288;-0.76;0.501564223768833
-0.542322097378277;-1;-0.514495168277241;-0.407009345794393;-0.335690247874073;0.384727717308247;-0.387557797393863;-0.31964032840067
-0.542322097378277;-1;0.230383057990448;0.0221264873102397;-0.19932505399568;-0.504735711747346;-0.494306667953295;-0.176030066356181
-0.542322097378277;-1;0.224949819349659;0.202282736802928;-0.253379767549196;0.198581560283688;-0.387557797393863;-0.230199553752466
-0.471685542971352;-1;0.153774576925114;-0.0579813144997705;-0.244336103658137;0.377852592918492;-0.269037495168148;-0.197258224842372
-0.471685542971352;-1;0.247500016789679;-0.223492156698264;-0.259408671113391;0.355828419620294;-0.145536562203229;-0.209893998272975
0.637862796833773;1;0.647386253630203;0.523279714030384;0.281330682256581;0.771103896103896;0.85703125;0.306799822276746
0.637862796833773;1;0.514495168277241;-0.577852036715875;0.0933450626786893;0.806451612903226;0.85703125;0.157414517115132
0.637862796833773;1;0.406351497654276;0.407009345794393;0.17474260272702;0.728893550078658;0.85703125;0.186945182982752
0.637862796833773;1;0.294099616858237;-0.202282736802928;-0.333439352096069;0.771103896103896;0.85703125;-0.219979948788298
-0.681954887218045;-1;0.224949819349659;0.216540315536336;-0.173493882873762;0.268756998880179;-0.857575757575758;-0.113454961698369
-0.637862796833773;-1;-0.224949819349659;-0.0579813144997705;-0.206793626541526;0.343711955706019;0.0169222633527233;-0.162072853146951
-0.681954887218045;-1;0.224949819349659;0.0579813144997705;-0.210199733688415;0.0217640320733105;-0.144572092422873;-0.186122057672012
-0.637862796833773;-1;0.153774576925114;-0.105471964264723;-0.243717457510561;0.300615531284326;-0.33855421686747;-0.199309984225064
-0.681954887218045;-1;-0.153774576925114;0.105471964264723;-0.149270358606086;0.277509821463301;-0.144572092422873;-0.109300735736621
-0.681954887218045;-1;-0.153774576925114;0.105471964264723;-0.507380929963549;-0.169191919191919;-0.144572092422873;-0.458638971506669
-0.637862796833773;-1;0.247500016789679;-0.105471964264723;-0.27625822626136;-0.277509821463301;-0.33855421686747;-0.233107717855039
-0.774566473988439;-1;-0.411710673077824;-0.177433742343449;-0.558410955249761;-0.487323003453278;0.176397899289466;-0.486604053688072
-0.774566473988439;0.843589743589744;0.467091791310541;0.210001366306873;-0.0195286195286195;0.253856041131106;-0.0169222633527233;0.0917219876817627
-0.774566473988439;0.843589743589744;0.59572994210091;-0.731310118105443;0.491197458019397;0.12809594251902;-0.0169222633527233;0.499807394537897
-0.774566473988439;0.843589743589744;0.59572994210091;-0.731310118105443;0.3627548506735;0.208291898215853;-0.0169222633527233;0.377478742499432
-0.637862796833773;-0.843589743589744;-0.59572994210091;-0.705314009661836;-0.581858365538243;-0.530093105741521;0.216659282233053;-0.58069863441692
-0.650541056651814;-1;-0.230383057990448;-0.124410160775338;-0.261799584465399;-0.13926297339871;-0.145536562203229;-0.226950961143311
0.664425427872861;1;0.649280303030303;0.644630773756987;0.221240700279337;0.771103896103896;0.85703125;0.264933919393814
0.664425427872861;1;0.649280303030303;0.644630773756987;-0.526419841840403;0.771103896103896;0.85703125;-0.403703013385348
0.664425427872861;1;0.651652340019102;0.649054820415879;0.273655724202847;0.776456599286564;0.85703125;0.31427015284364
0.664425427872861;1;0.661150922909881;0.638216344523567;0.289230862256621;0.728893550078658;0.85703125;0.324954424231929
-0.697857142857143;-1;-0.514495168277241;0.0408537828835566;-0.256142902307935;0.268756998880179;-0.65398773006135;-0.247558440439695
-0.697857142857143;-1;-0.514495168277241;0.0408537828835566;-0.309820543496838;0.439273375334157;-0.395714285714286;-0.292477012163743
-0.697857142857143;-1;0.230383057990448;0.134470299976467;-0.246774466644091;-0.300615531284326;-0.65398773006135;-0.219637933860764
-0.697857142857143;-1;0.230383057990448;0.134470299976467;-0.232975559291349;0.0217640320733105;-0.395714285714286;-0.208125442889579
-0.664425427872861;-1;-0.230383057990448;-0.0842789598108748;-0.0818826899290411;0.300615531284326;0.0169222633527233;-0.0716060108006265
-0.697857142857143;-1;0.224949819349659;0.216540315536336;-0.281245708284525;0.439273375334157;-0.65398773006135;-0.250336264689187
-0.697857142857143;-1;0.127812068840317;0.185362467989374;-0.312081737446862;-0.647279549718574;-0.857575757575758;-0.247021116316153
-0.664425427872861;-1;0.153774576925114;-0.105471964264723;-0.191666890386319;0.300615531284326;0.216659282233053;-0.136852554637245
-0.664425427872861;-1;0.153774576925114;-0.105471964264723;-0.269504981812431;0.254664281280806;0.0368852459016393;-0.20097613337338
-0.664425427872861;-1;0.153774576925114;-0.105471964264723;-0.240908493294767;-0.0217640320733105;-0.642926829268293;-0.201555323481046
-0.664425427872861;-1;0.153774576925114;-0.105471964264723;-0.241531741600709;0.343711955706019;-0.33855421686747;-0.203891839528532
-0.664425427872861;-1;0.247500016789679;-0.105471964264723;-0.277277421373807;-0.0108684256508825;0.216659282233053;-0.1903028733201
-0.697857142857143;-1;-0.247500016789679;0.105471964264723;-0.210210243300423;0.268756998880179;-0.144572092422873;-0.183148215343943
-0.815457413249211;-1;-0.411710673077824;-0.410456441831971;-0.429114521457516;0.10355460865665;-0.216659282233053;-0.411212301284899
-0.664425427872861;-1;0.255715400914464;0.0488148258450542;-0.245865987460815;0.254664281280806;0.0368852459016393;-0.197427268035956
-0.503726708074534;-1;-0.661150922909881;-0.638216344523567;-0.125148963886812;-0.169191919191919;-0.144572092422873;-0.132649935649079
-0.503726708074534;-1;-0.514495168277241;-0.407009345794393;-0.288367185439198;0.277509821463301;-0.395714285714286;-0.277043475658606
-0.455928646379853;-1;-0.674862448418157;-0.246069216821562;-0.0130551965017465;-0.439273375334157;-0.642926829268293;-0.0157239152723652
-0.503726708074534;-1;-0.514495168277241;0.202282736802928;-0.122226995036273;0.439273375334157;-0.65398773006135;-0.123176405666664
-0.503726708074534;-1;-0.514495168277241;0.105471964264723;-0.256142902307935;0.439273375334157;-0.144572092422873;-0.240170165875694
-0.503726708074534;-1;0.231309101654846;0.0408537828835566;-0.16322541799824;-0.169191919191919;-0.144572092422873;-0.156399280571649
-0.455928646379853;-1;-0.262459765039451;-0.239259877034077;-0.08292842215256;-0.0217640320733105;0.0368852459016393;-0.0779139669560658
-0.455928646379853;-1;-0.230383057990448;-0.169788232943762;-0.265339530532901;-0.0217640320733105;0.0368852459016393;-0.206855951108352
-0.503726708074534;-1;0.224949819349659;0.0408537828835566;-0.218318397469689;0.0217640320733105;-0.144572092422873;-0.20269192028477
-0.455928646379853;-1;-0.224949819349659;-0.216540315536336;-0.284509573083834;-0.439273375334157;-0.33855421686747;-0.234101815744661
-0.455928646379853;-1;-0.224949819349659;-0.146926935717802;-0.157962991439848;0.300615531284326;-0.33855421686747;-0.133379366581109
-0.455928646379853;-1;-0.224949819349659;-0.105471964264723;-0.0695365474339036;0.254664281280806;0.216659282233053;-0.0606388121222645
-0.503726708074534;-1;0.224949819349659;0.0579813144997705;-0.199649170152476;0.439273375334157;-0.349671669793621;-0.176859870522697
-0.503726708074534;-1;0.224949819349659;0.0579813144997705;-0.182326992004411;0.0217640320733105;-0.144572092422873;-0.161700928475624
-0.455928646379853;-1;0.153774576925114;-0.105471964264723;-0.264081320502199;0.116779992548436;-0.145536562203229;-0.23199696660001
-0.503726708074534;-1;-0.153774576925114;0.105471964264723;-0.141501396967893;-0.462428835996982;-0.349671669793621;-0.101230369986749
-0.455928646379853;-1;0.231778164155213;0.130335984418114;-0.240958390849931;0.343711955706019;-0.33855421686747;-0.188388413088642
-0.706896551724138;-1;-0.411710673077824;-0.410456441831971;-0.55819035538643;0.10355460865665;-0.574545454545455;-0.49004061262136
-0.455928646379853;-1;0.255715400914464;0.130335984418114;-0.283132604916812;0.143511618921455;-0.145536562203229;-0.229306235933697
-0.503726708074534;-1;-0.255715400914464;-0.13779567757672;-0.524731033370744;0.439273375334157;-0.260534712289581;-0.501235154150862
-0.418316831683168;-1;-0.649280303030303;-0.644630773756987;-0.0848163410161871;-0.169191919191919;-0.144572092422873;-0.0910902289753314
-0.418316831683168;-1;-0.647386253630203;-0.523279714030384;-0.0847017571507367;0.268756998880179;-0.144572092422873;-0.088498594555512
-0.352716468590832;-1;-0.674862448418157;-0.225310778832939;-0.0286742347455909;-0.277509821463301;0.0368852459016393;-0.0319805120758351
-0.352716468590832;-1;-0.510100389264495;-0.354412864622289;-0.0226753485967265;-0.488218213588241;-0.642926829268293;-0.0247824282077109
-0.352716468590832;-1;-0.224949819349659;-0.354412864622289;-0.159875543212734;-0.277509821463301;0.0368852459016393;-0.141856189114926
-0.352716468590832;-1;-0.224949819349659;-0.185362467989374;-0.192502418574653;0.300615531284326;-0.33855421686747;-0.158476180672462
-0.372064777327935;-1;-0.647386253630203;-0.597092145015106;-0.161773871354375;-0.169191919191919;-0.395714285714286;-0.168087998101036
-0.302494802494803;-1;-0.674862448418157;-0.105471964264723;-0.0192175468616318;0.343711955706019;0.0368852459016393;-0.0212282636290396
0.302494802494803;1;-0.384081473793461;0.156027918781726;-0.135278209841629;0.169191919191919;-0.0368852459016393;-0.0575874162393166
-0.302494802494803;-1;0.153774576925114;-0.681238489871086;-0.249835914560424;0.300615531284326;-0.85703125;-0.19213767156526
-0.241030092592593;-1;-0.262459765039451;-0.701508945893512;-0.0987551867219917;0.343711955706019;-0.85703125;-0.100096207763281
-0.241030092592593;-1;0.231778164155213;-0.633094859565448;-0.254444444444444;0.143511618921455;-0.85703125;-0.183173837851162
-0.450558213716109;-1;-0.435168900755429;-0.741309823677582;-0.39578212163817;0.291770254460368;-0.898039215686275;-0.387412433518538
