"V1";"V2";"V3";"V4";"V5";"V6";"V7";"sil"
0.0997885526795481;0;0.260506329113924;0.00447761194029856;-0.157584519572954;-0.398061288305191;-0.130434782608696;-0.139996305826602
-0.103775733683749;0;0.384427684117125;0.0244877561219391;0.440234330209625;-0.749007936507936;0.0381105743424583;0.437613674603349
0.106936936936937;0;-0.267080745341615;0.280195599022005;0.0159977356354373;-0.0372428585356343;-0.130434782608696;0.0313149199468689
0.107723690310617;0;-0.656156437125748;0.274447949526814;-0.27682044079516;-0.0316227158332417;-0.320652173913044;-0.24985862889428
0.104007877892663;0;-0.267080745341615;0.280195599022005;-0.563145986254369;-0.0232244819400785;-0.130434782608696;-0.530426049019965
0.0991666666666667;0;-0.267080745341615;0.280195599022005;0.328925619834711;-0.0295466123280692;-0.166666666666667;0.317378124353485
-0.288748353096179;0;0.515018203883495;-0.156908665105386;0.242462569924317;-0.503440199092373;-0.0381105743424583;0.246239783750865
0.0199057239057236;0;0.343625730994152;0.00447761194029856;-0.157584519572954;0.04;-0.130434782608696;-0.142576660230765
-0.0753105590062115;0;0.343625730994152;-0.490489130434783;0.116649329318368;-0.186170212765957;-0.166666666666667;0.119047588208716
0.103081963041888;0;-0.402867924528302;-0.197725118483412;0.465817851289749;-0.143692307692307;0.117344553529687;0.461191631012938
0.111036296011286;0;-0.260506329113924;-0.0343262411347517;0.378338174662669;0.00621118012422325;0.117344553529687;0.377078162443323
-0.173325031994742;0;-0.150815217391304;0.156243093922652;0.205852498017447;-0.110507246376811;-0.130434782608696;0.204587643841823
-0.767455538873497;-0.644444444444444;0.0182829888712242;-0.622967142383007;-0.673469387755102;-0.280200501253133;-0.549114331723027;0.105644073505319
0.182169732441472;0;0.384427684117125;0.0244877561219391;-0.378002018163471;-0.0766423357664233;0.16759568933482;-0.355539152906464
0.182169732441472;0;0.384427684117125;0.0244877561219391;-0.178928715263794;-0.427272727272727;0.16759568933482;-0.160238143715565
-0.342177853671352;0;0.340441176470588;-0.22688;0.254156175947867;-0.503440199092373;-0.16759568933482;0.261050990396377
-0.198803546629634;0;-0.150815217391304;0.108930817610063;0.233997399219766;-0.500556483027268;-0.279433317049341;0.2358938294147
-0.227377091001859;0;-0.384427684117125;-0.416866028708134;-0.27682044079516;-0.784438931142474;-0.0165631469979297;-0.272520451981226
-0.236019616454399;0;0.260506329113924;0.00447761194029856;0.390955797269151;-0.581939799331104;-0.130434782608696;0.385181300105684
0.256050908555874;0;0.384427684117125;-0.0685;-0.464801554260339;-0.419320987654321;0.16759568933482;-0.450436082111621
-0.256050908555874;0;0.343625730994152;0.00447761194029856;0.263438810522303;0.0928229665071767;-0.279433317049341;0.257729908796416
-0.580829015544042;0;-0.194813614262561;0.141650023045015;-0.107693979569659;0.111633372502938;-0.533333333333333;-0.0381717483745873
-0.717960697287354;0.109311740890688;-0.376470588235294;-0.70904421207118;-0.467309430551371;-0.0132862190812721;-0.280632411067194;0.0534032032476876
0.320614795765803;0;-0.515018203883495;0.0797101449275363;0.494564180812512;-0.428909252143068;-0.233333333333333;0.488386613657141
0.320614795765803;0;0.384427684117125;-0.156243093922652;0.494564180812512;0.00621118012422325;-0.233333333333333;0.489694985255654
-0.314104518568205;0;0.515018203883495;0.256465517241379;0.254156175947867;-0.361777777777778;-0.16759568933482;0.261720679364089
-0.348011574417569;0;0.0171428571428572;0.197725118483412;-0.473054282627324;-0.186170212765957;-0.278606965174129;-0.458626547678044
-0.664885693288577;-1;-0.489748369058714;-0.602613201171435;-0.332035776224412;-0.682539682539683;-0.329876346230554;-0.319353739388604
-0.664885693288577;-1;-0.613373860182371;-0.588441803942749;-0.711067723510899;-0.328644501278772;-0.329876346230554;-0.69208878066366
-0.314104518568205;0;0.212558275058275;-0.0687830687830688;-0.0603517776238545;-0.477124183006536;-0.16759568933482;-0.0396060729754772
0.314104518568205;0;-0.602956798866855;-0.312200956937799;-0.295848776871757;-0.372937293729373;0.16759568933482;-0.236454737463164
0.293044762699891;0;-0.515018203883495;-0.480850444153196;0.224575542044281;-0.428909252143068;0.0165631469979297;0.231804507976442
0.229608336327704;0;-0.386666666666667;-0.156243093922652;0.469957217222702;-0.12591575091575;0.117344553529687;0.46638418335337
0.215191729598944;0;-0.801724137931034;-0.163246268656716;0.352828907930463;-0.394979919678715;-0.87431693989071;0.350646942508136
-0.556953642384106;0;-0.306594885598923;0.123157305467438;-0.190458605488494;0.104228707564026;-0.533333333333333;-0.182789569838544
-0.160721255171338;0;0.340441176470588;-0.22688;-0.115159514047405;-0.523121831310493;-0.117344553529687;-0.0714455723676389
-0.123608289313287;0;0.340441176470588;0.256465517241379;0.220326690211907;-0.523121831310493;-0.0209339774557166;0.230984664375338
-0.105590062111801;0;0.515018203883495;-0.116190476190476;-0.26051728553137;-0.301587301587302;-0.117344553529687;-0.240124474711037
-0.0886417256488029;0;0.440972222222222;-0.293233082706767;0.034575215436493;-0.40625;-0.0381105743424583;0.0414797922742791
-0.0729202327969878;0;0.340441176470588;0.256465517241379;-0.0332494462291394;-0.8714859437751;-0.0209339774557166;-0.00672292995993093
0.0585784951835457;0;0.384427684117125;-0.0685;-0.328925619834711;-0.181569343065693;0.117344553529687;-0.303460557267476
-0.381228781075457;0;0.260506329113924;0.00447761194029856;0.263438810522303;-0.784659557013946;-0.0165631469979297;0.255789294467019
-0.484090909090909;0;0.179166200961216;0.123157305467438;-0.003410813542193;-0.484957264957265;-0.5625;0.0541597049757074
-0.0410139060024643;0;0.12949535962877;0.256465517241379;-0.231222358665645;-0.282962962962963;-0.16759568933482;-0.205774250496889
-0.00847916290817199;0;0.440972222222222;-0.0244877561219391;0.239235881770145;-0.425753424657534;-0.0381105743424583;0.255084464283178
0.00624999999999964;0;0.212558275058275;-0.0687830687830688;-0.0872560657665554;-0.514976542764345;-0.117344553529687;-0.0687179459374853
-0.454099190283401;0;-0.527630023640662;0.107584893684545;-0.429467625899281;-0.0457974137931031;-0.437130801687764;-0.398494524718432
-0.0313397988505747;0;-0.343625730994152;-0.256465517241379;0.00743026583456873;-0.0990445859872615;-0.373708920187793;0.00763719127874136
-0.58348134991119;-1;-0.264759905536605;-0.52028012839218;-0.198475219834086;-0.737704918032787;-0.316341829085457;-0.192779497087774
-0.104802357836338;0;0.384427684117125;-0.257162162162162;0.494254832270315;-0.31283950617284;-0.517763541059988;0.487104199851284
-0.104802357836338;0;0.384427684117125;-0.257162162162162;0.494254832270315;-0.29034188034188;-0.452380952380952;0.487360226819526
0.104802357836338;0;0.340441176470588;0.0557553956834532;0.0229872881355932;-0.585882352941177;-0.117344553529687;0.0390523209347839
-0.440065502183406;0;-0.194813614262561;-0.535964912280702;-0.527507434883493;0.147401908801697;-0.575539568345324;-0.515855236466282
-0.43724593495935;0;-0.14021164021164;0.274447949526814;0.328925619834711;0.0928229665071767;-0.166666666666667;0.330305566774292
-0.572815533980582;-0.9;0.182271863117871;-0.412993395791737;-0.558389963408259;-0.704166666666667;-0.34342940889106;-0.349364372350611
0.200564516129033;0;0.12949535962877;-0.0687830687830688;-0.378062295026636;-0.257358490566038;-0.117344553529687;-0.370936356902475
0.200564516129033;0;0.212558275058275;0.281050955414013;-0.339429627402524;-0.306280193236715;-0.0381105743424583;-0.317671439505658
0.211575255102041;0;0.440972222222222;-0.0244877561219391;-0.145280259951259;-0.417198067632851;-0.117344553529687;-0.124516075191038
0.220523329129887;0;0.12949535962877;-0.0687830687830688;-0.291709280184922;-0.514840365794962;-0.0381105743424583;-0.272864786792223
0.227478179551122;0;0.515018203883495;0.256465517241379;0.225417174641878;-0.479588450049784;-0.0381105743424583;0.237929995726831
-0.232506165228114;0;0.384427684117125;0.0244877561219391;-0.178928715263794;-0.243816254416961;0.16759568933482;-0.159717600336055
-0.467273622047244;0;0.343625730994152;-0.490489130434783;0.35587213342599;-0.531086729362592;-0.324324324324324;0.342667835270705
-0.467273622047244;0;0.377512437810945;0.139529411764706;0.411856096784464;-0.0326725403817917;-0.509803921568627;0.408721066764799
-0.467273622047244;0;-0.767080745341615;0.00447761194029856;-0.459093982420554;-0.0214932126696834;-0.509803921568627;-0.435205915465927
-0.629143518518519;-1;0.46402740768938;-0.389841688654354;0.241960939041231;-0.731884057971014;-0.356521739130435;0.253666212098074
-0.54675505931612;-1;-0.489748369058714;-0.602613201171435;-0.530097964716272;-0.662222222222222;-0.329876346230554;-0.507894461648718
-0.239279197080292;0;0.150815217391304;-0.272151898734177;0.167122413635949;-0.629828326180258;0.0165631469979297;0.169942315527363
-0.471507352941177;0;0.343625730994152;0.00447761194029856;0.387205574912892;0.04;-0.0165631469979297;0.382189505458761
-0.301794330518698;0;-0.367613636363636;-0.0557553956834532;-0.373152477598112;-0.265087281795511;-0.387845849802372;-0.358783177308388
0.271381578947369;0;0.515018203883495;0.0685;-0.26051728553137;-0.434920634920635;-0.362199312714777;-0.236831966889441
0.271381578947369;0;-0.498809672973312;0.272151898734177;-0.46098223615465;-0.523121831310493;-0.221960784313725;-0.439822938746409
-0.233241580310881;0;-0.367613636363636;0.0687830687830688;-0.176369843527738;-0.372592592592593;-0.368760064412238;-0.163674320741132
-0.291200745473909;0;0.384427684117125;-0.0685;-0.221899529042386;-0.336887835703002;0.16759568933482;-0.199799003111403
-0.48177829512894;0;0.0171428571428572;-0.224510551741673;0.400714749837557;-0.693781407035176;-0.509803921568627;0.393878208735526
-0.48177829512894;0;0.0171428571428572;-0.224510551741673;0.0451277683134582;-0.0326725403817917;-0.509803921568627;0.0603525973162564
-0.291200745473909;0;-0.607142857142857;-0.274447949526814;0.379522922608308;0.0308146897425077;-0.63921568627451;0.376704988397796
-0.48177829512894;0;-0.767080745341615;0.00447761194029856;-0.476726081024972;-0.0326725403817917;-0.846625766871166;-0.461334703026391
-0.157160194174757;0;-0.330973451327434;-0.159174649963154;-0.487709823051751;-0.184098360655738;-0.354413702239789;-0.474240513782941
-0.157160194174757;0;-0.200215731828742;-0.39975845410628;-0.257068753153877;-0.514705882352941;-0.354413702239789;-0.236633869840185
0.134269067796609;0;0.340441176470588;-0.0687830687830688;-0.181980865166405;-0.477124183006536;-0.221960784313725;-0.164428682306553
-0.550391531322506;-0.913333333333333;-0.469358247136025;-0.496557659208262;-0.635191505498673;-0.0751428571428566;-0.370795734208368;0.22529083395503
0.0256288109756098;0;0.515018203883495;-0.22688;-0.227925906600574;-0.306280193236715;-0.362199312714777;-0.206485532112179
-0.159588835534214;0;-0.522996613995485;-0.313650793650794;-0.0229872881355932;-0.377388535031847;-0.437130801687764;-0.0224655828829585
-0.129041171594363;0;0.515018203883495;0.0685;0.198241518163125;-0.213967819239986;-0.221960784313725;0.213169513663083
-0.129041171594363;0;0.440972222222222;-0.0244877561219391;-0.466994871794872;-0.227053140096619;-0.362199312714777;-0.434738297655441
-0.16801322071245;0;-0.668696711327649;-0.446227929373997;-0.482027397260274;-0.00519031141868503;-0.757894736842105;-0.466169556826747
0.129041171594363;0;-0.717260273972603;-0.44385593220339;-0.663869362363919;-0.183567134268537;-0.840909090909091;-0.655079492360994
-0.542106204183801;-1;-0.463135135135135;-0.70904421207118;-0.261517145826117;0.0432216298552932;-0.280632411067194;0.0478054502478607
-0.41419898401685;-1;-0.489748369058714;-0.602613201171435;-0.290929654620575;-0.658031088082902;-0.351945080091533;-0.276638092739001
-0.16801322071245;0;0.125076117403483;-0.092182327476445;-0.198241518163125;0.147401908801697;-0.437130801687764;-0.18139079132864
0.15827664399093;0;-0.565625;-0.5128;-0.158746454426146;-0.224519940915805;-0.387845849802372;-0.137204391645141
-0.452860059159272;0;0.150815217391304;-0.108930817610063;0.448877881734238;-0.372937293729373;0.0381105743424583;0.445707004076718
-0.47873180360227;-1;0.378628628628629;-0.100443655723159;0.251015721603957;-0.399420289855072;-0.30165149983148;0.254413793436443
-0.255877575446696;0;0.515018203883495;0.0685;0.266361934353091;-0.205188067444877;-0.221960784313725;0.280000145870562
-0.503492063492064;0;-0.440972222222222;-0.272151898734177;0.473054282627324;-0.7125;-0.452380952380952;0.471980605991199
-0.228073715361851;0;-0.527630023640662;0.107584893684545;0.138184012449582;-0.0369127516778523;-0.398692810457516;0.139768909146978
-0.581207808794016;0;-0.440972222222222;-0.458145363408521;0.0543853504778106;-0.385026737967914;-0.373708920187793;0.0730117310568084
0.228073715361851;0;-0.547095070422535;0.0687830687830688;-0.534946306287612;-0.585526315789474;-0.399046104928458;-0.531682465751824
-0.368454358487581;0;-0.482101220683034;0.256465517241379;-0.4684401058755;-0.585882352941177;-0.443478260869565;-0.463109654746791
-0.368454358487581;0;-0.482101220683034;0.256465517241379;-0.4684401058755;-0.682539682539683;-0.505367110347789;-0.462634813202762
-0.665513728013728;0;0.343625730994152;0.274447949526814;0.317963099630996;-0.0341106856943963;-0.324324324324324;0.316887248372601
-0.665513728013728;0;-0.71227621483376;0.28259067357513;-0.398049805658501;0.102491103202847;-0.597787833081951;-0.358674292328181
-0.472274624135368;-1;0.409017312243119;-0.079851125021147;0.130338055096897;-0.260758196721312;-0.356521739130435;0.137000441888954
-0.450658360470055;-0.9;0.200988356349851;-0.2;-0.250810224223138;-0.722054380664652;-0.316341829085457;-0.220104784641302
-0.455952380952381;-1;0.264759905536605;-0.100443655723159;0.243071018218947;-0.260758196721312;-0.20952023988006;0.262314552546994
-0.594737594737595;-1;-0.506847654829718;-0.368734335839599;-0.328310010764263;0.0288780986455406;-0.370795734208368;0.106147363225779
-0.285931393834129;0;-0.527630023640662;-0.092182327476445;-0.15254890729644;0.111633372502938;-0.425;-0.141898667080514
-0.285931393834129;0;-0.522996613995485;0.141650023045015;0.33739515394695;-0.266044444444445;-0.425;0.338174512433234
-0.540930979133226;0;0.440972222222222;-0.0687830687830688;0.198241518163125;-0.227053140096619;-0.443478260869565;0.198950969256513
0.285931393834129;0;-0.643247912467607;0.0687830687830688;-0.615087579617834;-0.695096656434083;-0.523742026931254;-0.604368628999645
-0.445852534562212;-1;0.264759905536605;-0.100443655723159;0.245271492106935;-0.0893576880198957;-0.30165149983148;0.263346639116712
-0.472243579886206;-1;-0.551625358076971;-0.52028012839218;-0.5872960440797;-0.580898075552388;-0.847133757961783;-0.557738904675185
0.285931393834129;0;-0.367613636363636;0.223763291724457;-0.3530704896086;-0.227644230769231;-0.354413702239789;-0.341739524087531
-0.472243579886206;-1;-0.623592493297587;-0.52028012839218;-0.741695943787927;-0.476744186046511;-0.847133757961783;-0.722744255238271
0.285931393834129;0;-0.200215731828742;-0.562428219852338;-0.315157473222604;-0.18296875;-0.354413702239789;-0.298220022637552
0.285931393834129;0;-0.349287974683544;-0.458498023715415;-0.0680045871559633;-0.674031836540746;-0.391304347826087;-0.0408017594276542
-0.467574678842285;-1;-0.00979240109674894;-0.357142857142857;-0.342621682244324;-0.341176470588235;-0.34342940889106;-0.337692800695344
-0.377813940873339;-1;0.378628628628629;-0.290482954545455;0.199764459880067;-0.5851776354106;-0.285358255451713;0.200158858347309
0.269281332164768;0;-0.4;0.092182327476445;-0.435460193462133;-0.723453177257525;-0.315217391304348;-0.421919860783851
-0.560386473429952;-1;-0.506847654829718;-0.676616915422886;-0.493063367079115;0.0358199492814881;-0.173913043478261;0.18830168149593
-0.326689774696707;-1;0.409017312243119;-0.079851125021147;-0.0248245054243777;-0.318295307791649;-0.367246376811594;0.0207761340378683
-0.256923076923077;0;-0.194813614262561;-0.404279279279279;0.322764891012939;0.142568250758342;-0.471851851851852;0.349027543262164
-0.249123575810692;0;-0.522996613995485;0.123157305467438;-0.2767479642969;-0.00519031141868503;-0.757894736842105;-0.243486409505598
-0.249123575810692;0;-0.522996613995485;0.123157305467438;-0.2767479642969;-0.00519031141868503;-1;-0.24268493806032
-0.249123575810692;0;-0.522996613995485;0.123157305467438;-0.336104533152909;-0.0369127516778523;-0.425;-0.316837254369721
-0.590659340659341;0;0.440972222222222;-0.35219512195122;-0.648649317604661;-0.414444444444444;-0.864978902953586;-0.639699132165775
-0.289195461578133;-1;0.264759905536605;-0.100443655723159;-0.561710652382197;-0.27056562328391;-0.356521739130435;-0.175650173303866
-0.289195461578133;-1;0.264759905536605;-0.100443655723159;0.245709587914911;-0.352005347593583;-0.356521739130435;0.255399967332354
-0.289195461578133;-1;0.525200876552228;-0.0778606512643261;0.200397079543999;-0.35839959397733;-0.356521739130435;0.210887936889268
0.249123575810692;0;-0.200215731828742;-0.562428219852338;-0.382735272270156;-0.227644230769231;-0.354413702239789;-0.364119387903952
-0.249123575810692;0;-0.438099520383693;0.107584893684545;0.0451111392201281;0.094699225729601;-0.378378378378378;0.0583536965419852
-0.405818300016252;-0.9;0.200988356349851;-0.2;-0.354636168056013;-0.658031088082902;-0.316341829085457;-0.322990368630277
-0.79175449975677;-1;0.0704423264907136;-0.813527397260274;-0.162416157400507;-0.711448481831757;-0.608091787439614;-0.100441591898457
-0.208836996336996;-1;0.264759905536605;-0.079851125021147;0.235531828124421;-0.0991304347826089;-0.367246376811594;0.253101241651156
-0.188664343786295;-1;0.525200876552228;-0.629655493482309;0.202829448474826;-0.869979919678715;-0.333333333333333;0.217311245641463
-0.169536984754376;-1;0.525200876552228;-0.123157305467438;-0.12760615653313;-0.360198361362656;-0.30165149983148;0.132006510899265
-0.266397124887691;0;-0.527630023640662;0.100443655723159;0.291709280184922;0.0661107802263252;-0.422745098039216;0.296829452596502
0.0953856749311298;0;-0.565625;0.223763291724457;-0.412868205525871;-0.352631578947369;-0.391304347826087;-0.406980423547805
0.0953856749311298;0;-0.547095070422535;0.293233082706767;-0.341511592763698;-0.695096656434083;-0.523742026931254;-0.328417720168198
0.0953856749311298;0;-0.547095070422535;0.0687830687830688;-0.401791351432332;-0.280653266331658;-0.42;-0.387108919258747
-0.606375606375606;0;0.440972222222222;-0.342222222222222;-0.441475380483438;-0.432205128205128;-0.674403815580286;-0.418670850655301
-0.606375606375606;0;0.440972222222222;-0.342222222222222;-0.648239858135596;-0.432934472934473;-1;-0.629674244270505
0.0953856749311298;0;-0.4990234375;-0.461184210526316;-0.48917306859987;-0.305303030303031;-0.628318584070796;-0.479163161501414
-0.606375606375606;0;-0.469296279695204;0.256465517241379;-0.447788127853881;-0.432934472934473;-0.864978902953586;-0.431201894535341
-0.76007028926737;0;0.0171428571428572;-0.224510551741673;0.163229208924949;-0.760893963792515;-0.509803921568627;0.170220446932045
-0.341830822711472;-1;-0.00979240109674894;-0.456671664167916;-0.237787614541122;-0.328644501278772;-0.329876346230554;-0.232350934150835
-0.0953856749311298;-1;-0.392375366568915;-0.174938857718314;-0.207627118644068;-0.0893576880198957;-0.506049228201919;-0.154969929535666
-0.341830822711472;-1;-0.601253918495298;-0.20421052631579;-0.624710114493362;-0.589041095890411;-1;-0.603090254460043
-0.0953856749311298;-1;-0.506947608200456;-0.476190476190476;-0.719068701889586;-0.679561200923787;-0.506049228201919;-0.711906313668524
-0.266397124887691;0;-0.12949535962877;0.091164095371669;0.00976042590949417;0.0661107802263252;-0.398692810457516;0.0518820541024688
-0.31059482616576;-1;-0.00979240109674894;-0.456671664167916;-0.284876001199298;-0.341176470588235;-0.351945080091533;-0.281460357285779
0.0577570453015291;-1;0.525200876552228;-0.107782243332116;0.232062717847637;-0.294176706827309;-0.325157232704402;0.238299616751786
-0.311502628908772;-1;-0.566451612903226;-0.482758620689655;-0.518916942100288;-0.580898075552388;-0.521649484536082;-0.512946813858223
-0.319835089326615;-0.9;0.182271863117871;-0.194366197183099;-0.523331553657234;-0.601895734597156;-0.351945080091533;-0.332350476859919
-0.424948758282092;0.109311740890688;-0.238308863512779;-0.469387755102041;-0.336879696913235;0.0128432846017218;-0.173913043478261;-0.316977039103149
0.156043665815653;-1;0.525200876552228;-0.123157305467438;0.250296808436343;-0.427161880314456;-0.285358255451713;0.2573299669696
-0.356302867753249;-0.9;0.178181619733683;-0.25;-0.672568940493469;-0.537699504678041;-0.329876346230554;-0.437621080864498
-0.351289362757253;0;-0.52416087962963;-0.092182327476445;-0.288320396557024;-0.266044444444445;-0.425;-0.270169714822708
-0.176257597310229;0;-0.643247912467607;-0.367469879518072;-0.461272608191848;-0.424080267558528;-0.399046104928458;-0.436845756351408
0.176257597310229;-1;0.525200876552228;-0.141650023045015;0.205466140297601;-0.510067572179373;-0.333333333333333;0.212890890040182
0.176257597310229;-1;0.525200876552228;-0.476190476190476;0.176369843527738;-0.212158956109135;-0.506049228201919;0.184644686710411
-0.233813252504841;-1;0.304422253922967;0.136507936507937;-0.243046504193001;-0.855072463768116;-0.18552036199095;-0.212465657570801
-0.351289362757253;0;-0.00148423005565869;0.0429544264012573;0.143112870786694;-0.222625698324022;-0.378378378378378;0.144477871405858
-0.351289362757253;0;0.202898550724638;-0.174202127659575;0.175559258698177;-0.485074626865672;-0.757894736842105;0.196275918904715
-0.432096394796217;-1;-0.627393892339545;-0.485457271364318;-0.660126751535578;-0.538709677419355;-1;-0.64576891020285
-0.233813252504841;-1;-0.692434210526316;-0.407894736842105;-0.475674383952544;-0.515030060120241;-1;-0.473705646448144
-0.26022176022176;0;-0.565625;-0.583761194029851;-0.55292133401222;-0.235561160151324;-0.391304347826087;-0.543265938844104
0.11993844378186;-1;0.264759905536605;-0.123157305467438;0.243084394217895;-0.260758196721312;-0.325157232704402;0.253086319673334
0.0606833248342687;-1;0.264759905536605;-0.100443655723159;-0.768540850165813;-0.417052826691381;-0.30165149983148;-0.326142706375282
-0.0261857187927226;-0.919191919191919;-0.61902862271866;0.134177215189873;-0.519852262234534;-0.634551495016611;-0.61133069828722;-0.195052304479658
-0.526315789473684;0.422222222222222;0.318190212373038;-0.603915319826998;-0.849562919292539;0.307804522246536;0.209302325581395;-0.531739853008603
-0.35158831003812;0;-0.643247912467607;0.0687830687830688;-0.620023988589212;-0.674031836540746;-0.523742026931254;-0.612210943310906
-0.039423076923077;-1;0.525200876552228;-0.141650023045015;-0.0950641876936698;-0.0991304347826089;-0.356521739130435;0.149116199997464
-0.039423076923077;-1;0.378628628628629;-0.389841688654354;0.24960674960675;-0.910281280310378;-0.357762777242044;0.250008414164635
0.039423076923077;-1;0.304422253922967;-0.0652173913043478;-0.239609980350721;-0.458483754512635;-0.247058823529412;-0.21363892723021
0.039423076923077;-1;0.260091047040971;-0.467592592592593;-0.163961038961039;-0.276000766136756;-0.247058823529412;-0.134559255642359
0.039423076923077;-1;0.194813614262561;-0.467592592592593;-0.187173131885725;-0.428798727128083;-0.18552036199095;-0.172297266455933
-0.039423076923077;-1;-0.506947608200456;-0.476190476190476;-0.788949199866644;-0.399420289855072;-0.580439404677534;-0.779158700026413
0.039423076923077;-1;-0.202898550724638;-0.407894736842105;-0.48431462805652;-0.276000766136756;-1;-0.482156543826664
-0.473728813559322;0;0.202898550724638;-0.174202127659575;0.32163651769681;0.0661107802263252;-0.425;0.327871382382246
0.039423076923077;-1;-0.557605421686747;-0.600233440326816;-0.360275462123958;-0.131298088855796;-1;-0.324876737777227
-0.524221716021261;-1;0;-0.497176736307171;0.167492426601738;-0.365260900643317;-0.414229249011858;0.180617642658913
-0.488180978762696;0;-0.194813614262561;-0.404279279279279;-0.0398003894839338;0.134894091415831;-0.471851851851852;0.0311431438952397
-0.0769311064718162;-1;0.264759905536605;-0.0714033227288794;-0.0294117647058824;-0.322038152610442;-0.285358255451713;0.166796874892107
-0.247619047619048;1;0.818840579710145;0.371848739495798;0.0959202383680953;0.323770491803279;-0.458937198067633;0.13492561840821
-0.475913776944705;-0.9;0.200988356349851;-0.25;-0.358559655712951;-0.601895734597156;-0.351945080091533;-0.332129803555027
-0.506074342701723;-1;-0.00979240109674894;-0.357142857142857;-0.35735294701369;-0.565217391304348;-0.454945054945055;-0.348548163417258
-0.694393687707641;-1;0.0704423264907136;-0.234835164835165;-0.0290605542592616;-0.737541308658295;-0.468944099378882;0.0133530206733414
-0.47338782924614;-0.422222222222222;-0.300503703703704;-0.319767441860465;-0.569544255435277;-0.331134564643799;-0.338632750397456;-0.418405776562466
-0.520675537359263;0;-0.547095070422535;-0.573452115812918;-0.414252976001019;-0.19709503028724;-0.628318584070796;-0.376845898765505
-0.223069679849341;-1;0.525200876552228;-0.107584893684545;0.237014792570348;-0.212158956109135;-0.357762777242044;0.248460290487783
-0.223069679849341;-1;0.525200876552228;-0.333971658368441;0.211845102505695;-0.377033673855467;-0.357762777242044;0.228612680388471
-0.526790450928382;-1;-0.566451612903226;-0.591552795031056;-0.640389589728784;-0.476744186046511;-0.847133757961783;-0.628375287072096
0.203571428571429;-1;0.260091047040971;-0.467592592592593;-0.154108198348599;-0.131298088855796;-0.333333333333333;-0.142195754021929
-0.502744425385935;-1;-0.390265486725664;-0.514982373678026;-0.487155963302752;-0.574954462659381;-0.328550932568149;0.0666484823322832
0.203571428571429;-1;-0.0634057971014492;-0.407894736842105;-0.246398805222335;-0.276000766136756;-0.18552036199095;-0.227117049439107
-0.414934409687185;-0.422222222222222;-0.0765327695560254;-0.497176736307171;-0.996473619964736;-0.307804522246536;-0.212121212121212;-0.179698644983339
-0.386801099908341;0.422222222222222;0.131553730321697;-0.111570247933884;-0.177597246904178;-0.455066921606118;-0.389233954451346;-0.167306389327471
-0.301354784081287;-1;0.525200876552228;-0.123157305467438;-0.252448201216369;-0.27056562328391;-0.20952023988006;0.0553545125666597
-0.349270482603816;-0.422222222222222;0.209072978303748;-0.255208333333333;0.249351771823682;-0.556140864305921;-0.212121212121212;0.318463445672593
-0.372934973637961;-0.644444444444444;-0.138461538461538;-0.12;-0.166158110283197;-0.142568250758342;-0.549114331723027;-0.0700337428808464
-0.349270482603816;-0.422222222222222;-0.328073184676958;-0.371848739495798;-0.261163734776725;-0.471733866722813;-0.212121212121212;0.196650077818964
-0.349270482603816;-0.422222222222222;-0.300503703703704;-0.319767441860465;-0.532986750191051;-0.444698703279939;-1;-0.509777686443132
-0.333521809369952;-0.927450980392157;0.412834635583451;-0.48109756097561;0.180444243253531;-0.476090298567845;-0.325157232704402;0.187352309108763
-0.333521809369952;-1;0.525200876552228;-0.629655493482309;-0.352962169878658;-0.372619047619048;-0.84051724137931;-0.292134244789562
-0.333521809369952;-1;-0.392375366568915;-0.0778606512643261;-0.376057030481809;-0.260758196721312;-0.624365482233503;-0.367342302164033
-0.527079934747145;-1;-0.376470588235294;-0.657110091743119;-0.455112960760999;-0.78025693035835;-0.328550932568149;0.0397988572317314
-0.333521809369952;-1;-0.449929873772791;-0.432321854756222;0.0790883048947565;-0.352005347593583;-0.624365482233503;0.0798404546068142
0.0304347826086958;-1;-0.487028301886792;-0.395833333333333;-0.464642882473934;-0.284913417216893;-0.247058823529412;-0.46246822934399
-0.0748898678414093;-1;0.304422253922967;0.136507936507937;-0.195025414106686;-0.281517542387108;-0.47008547008547;-0.175608417453141
-0.350791717417783;-0.422222222222222;-0.131553730321697;-0.244444444444444;-0.185739610005909;-0.471733866722813;-0.414229249011858;0.234117638045415
-0.104803493449782;-1;0.304422253922967;-0.0652173913043478;-0.213905263287979;-0.745222929936306;-0.431372549019608;-0.192503237250603
0.104803493449782;1;-0.130666666666667;0.0652173913043478;-0.458534740027742;0.692028985507246;-0.355555555555556;-0.39485155827288
-0.487846049966239;-1;0.378628628628629;-0.290482954545455;0.0968776996174257;-0.508589929959033;-0.285358255451713;0.107899892847625
-0.269487750556793;-0.644444444444444;-0.191718426501035;-0.14;-0.786059743954481;-0.111633372502938;-0.263427109974425;0.127328348689997
-0.269487750556793;-0.644444444444444;-0.345244956772334;-0.622967142383007;-0.621599573740974;0.0771604938271603;-1;-0.586106166034214
-0.269487750556793;-0.644444444444444;-0.337099811676083;-0.546169772256729;-0.589917559460707;-0.111633372502938;-1;-0.55217898684098
-0.66092350103377;-0.9;-0.0569404355812123;-0.30625;-0.127232553857485;-0.476744186046511;-0.649794801641587;-0.0325688805234916
-0.497682119205298;-1;0.525200876552228;-0.629655493482309;-0.365196078431373;-0.40233139050791;-0.580439404677534;-0.321926559669903
-0.66092350103377;-1;-0.566451612903226;-0.591552795031056;-0.634187032463688;-0.539264214046823;-0.659574468085106;-0.623258838875626
-0.598039215686274;-1;-0.390265486725664;-0.485457271364318;-0.559810126582278;-0.102491103202847;-0.617647058823529;0.0919905168806702
-0.0888888888888888;0.422222222222222;0.318190212373038;-0.605080189116529;-0.964138961524094;0.0573770491803276;0.166666666666667;-0.469982228941182
-0.0191387559808619;0.422222222222222;0.131553730321697;-0.155290102389079;-0.25271998472991;-0.455066921606118;0.166666666666667;-0.246856348733506
-0.0191387559808619;0.422222222222222;0.328073184676958;-0.111570247933884;-0.299843555272718;0.00799549549549631;-0.0706521739130435;-0.287061165831949
0.0130081300813007;0.422222222222222;0.131553730321697;-0.155290102389079;-0.155892131510898;0.143692307692307;0.278606965174129;-0.145871919976404
0.0130081300813007;0.422222222222222;0.328073184676958;-0.390459363957597;-0.145262218339616;0.248076923076923;0.166666666666667;-0.132370013389944
0.0130081300813007;0.422222222222222;0.318190212373038;-0.353035143769968;-0.824442371300144;0.280653266331658;0.166666666666667;-0.426489820881298
-0.271698113207547;-0.109311740890688;-0.25594268967763;-0.328703703703704;-0.16706062221507;-0.305054151624549;-0.47008547008547;-0.162437541631259
-0.610588972431078;-1;-0.334453781512605;-0.24234693877551;-0.45147576173156;-0.445378151260504;-0.487218045112782;-0.411440502193606
-0.263659147869674;-0.422222222222222;-0.0765327695560254;-0.497176736307171;-0.0611256808553561;-0.339913097454997;-0.414229249011858;0.271092988822993
0.08130081300813;0.422222222222222;0.318190212373038;-0.600838135149293;-0.942668136714443;0.220227920227921;-0.389233954451346;-0.483044189006952
0.08130081300813;0.422222222222222;0.318190212373038;-0.605080189116529;-0.773535466966124;-0.455066921606118;0.166666666666667;-0.564175788245652
-0.252784918594687;-1;0.0182829888712242;-0.14;-0.516020613936814;-0.871794871794872;-0.263427109974425;-0.250834365910994
-0.252784918594687;-0.644444444444444;-0.138461538461538;-0.425;-0.264760886989046;0.0771604938271603;-0.263427109974425;0.225258082363442
0.113821138211382;0.422222222222222;0.328073184676958;-0.390459363957597;0.226346476924597;0.318123667377399;0.209302325581395;0.227031499181605
0.113821138211382;0.422222222222222;0.300503703703704;-0.353035143769968;-0.962338171832091;-0.0522839845899836;-0.372549019607843;-0.457563687426928
-0.735917625681405;-0.9;-0.00979240109674894;-0.178021978021978;-0.340977695938039;-0.830508474576271;-0.649794801641587;-0.326572608632586
-0.344163658243081;-1;-0.818428853754941;-0.669356938297318;-0.699368828484089;-0.543129605548331;-0.247058823529412;-0.693666088415933
-0.735917625681405;-1;-0.551625358076971;-0.52028012839218;-0.259579060982191;-0.643491577335375;-0.659574468085106;-0.199208124254326
-0.677808094588449;-1;-0.201172870984192;-0.654527559055118;-0.685681904042312;-0.746422386291131;-0.277777777777778;0.248499190440103
-0.344163658243081;-1;-0.13218793828892;-0.555966697502313;-0.206839492553778;-0.458483754512635;-0.247058823529412;-0.190285702834649
-0.257192075796727;-1;0;-0.14;-0.444246080871526;-0.0661107802263252;-0.466666666666667;-0.437096689942838
0.133333333333333;0.422222222222222;0.318190212373038;-0.605080189116529;-0.812120816752561;0.280653266331658;-0.0706521739130435;-0.548698615330389
-0.587898550724638;-1;-0.34364278255681;-0.260585144740909;-0.137552838164251;-0.657142857142857;-0.487218045112782;-0.0899393042094498
-0.234074074074074;-0.422222222222222;-0.0765327695560254;-0.497176736307171;-0.403515263644773;-0.258033573141487;-0.415942028985507;0.155090326730645
-0.631159420289855;0;-0.536704380931953;-0.681455633100698;-0.595057595746776;-0.796610169491525;-0.56235294117647;-0.559477547980538
-0.224721734036321;-1;-0.0104871447902571;-0.202616279069767;-0.1814974087551;-0.559480053787539;-0.414229249011858;-0.162535485104881
0.172357723577236;0.422222222222222;0.131553730321697;-0.155290102389079;0.0707263006910939;-0.04;0.166666666666667;0.07473678846073
0.175609756097561;0.422222222222222;0.328073184676958;-0.533431717561585;-0.250470929756391;0.152329749103943;-0.28388746803069;-0.242431752192949
-0.21113105924596;-0.422222222222222;0.209072978303748;-0.587456271864068;0.12304131054131;-0.444698703279939;-0.745098039215686;0.34158962018389
-0.21113105924596;-0.422222222222222;0.209072978303748;-0.371848739495798;0.0390502354788069;-0.559480053787539;-0.745098039215686;0.325601257282458
-0.21113105924596;-0.422222222222222;-0.0765327695560254;-0.497176736307171;-0.397366957166698;-0.224106400665004;-0.111954459203036;0.157936811007768
-0.301291989664083;-0.644444444444444;-0.138461538461538;-0.425;-0.225333682282125;0.0771604938271603;-0.372549019607843;0.184628217679538
-0.564296875;-0.929032258064516;-0.845441873431837;-0.882507739938081;-0.875066119811238;-0.540389972144847;-0.720338983050847;-0.850144065393129
0.175609756097561;0.422222222222222;0.328073184676958;-0.353035143769968;-0.468498059122126;-0.389352818371607;-0.092436974789916;-0.419757073457031
0.175609756097561;0.422222222222222;0.328073184676958;-0.390459363957597;0.209917870880549;0.318123667377399;0.278606965174129;0.212838261500361
-0.706431924882629;-0.927450980392157;0.00979240109674894;-0.54622641509434;-0.468557223091796;-0.399420289855072;-0.333333333333333;-0.128128556087001
-0.706431924882629;-1;-0.392375366568915;-0.0714033227288794;-0.62122472539599;-0.377033673855467;-0.580439404677534;-0.613667135575398
-0.498516320474777;-1;0.304422253922967;0.0509803921568628;-0.24226624956552;-0.309980637211758;-0.247058823529412;-0.126761796023853
-0.733049817739976;-1;-0.390265486725664;-0.514982373678026;-0.209778658738024;0.0442749511673333;-0.277777777777778;0.0464078230614048
-0.175609756097561;1;0.818840579710145;0.392276422764228;-0.179870706046394;0.692028985507246;-0.428571428571429;-0.134711398795969
0.18623578695392;0.422222222222222;0.328073184676958;-0.111570247933884;0.200645458736745;0.152329749103943;0.166666666666667;0.203060100723127
-0.500515021459228;-1;0.0797864452024323;-0.380178765551395;-0.0216031618126702;-0.540389972144847;-0.468944099378882;-0.00325993004335358
-0.176900059844405;-0.422222222222222;0.209072978303748;-0.382231404958678;-0.0481635203284688;-0.329319627998042;-0.33859649122807;-0.0435534110555805
0.176900059844405;0.422222222222222;-0.415792540792541;-0.111570247933884;0.22247619047619;-0.255079006772009;0.209302325581395;0.215864872315392
-0.448003629764065;-1;-0.34364278255681;-0.190210711150132;-0.0367698366704907;-0.690086956521739;-0.468944099378882;0.0337203905927342
-0.483742331288344;0;-0.519478503802576;-0.63946587537092;-0.837542662116041;0.379629629629629;-0.56235294117647;-0.711804794689435
-0.261234567901235;-0.644444444444444;-0.0250447227191414;-0.134177215189873;-0.44784441074989;-0.104228707564026;-0.466666666666667;-0.437890591858229
-0.464890282131661;0;-0.562017154328122;-0.689345172031076;-0.581227188210178;0.266666666666667;-1;-0.534249610720088
-0.411748120300752;-1;-0.350152129817444;-0.148107905582615;-0.512670321915205;-0.178965224766751;-1;-0.483403517190113
-0.411748120300752;-0.929032258064516;-0.75126545514895;-0.730228136882129;-0.87974962531958;-0.813348416289593;-0.720338983050847;-0.779400076402873
-0.258027709861451;-0.644444444444444;-0.209072978303748;-0.60908041554444;-0.783397190293742;-0.142156862745098;-0.777777777777778;0.0145949682142679
-0.258027709861451;-0.644444444444444;-0.209072978303748;-0.60908041554444;-0.70106352400115;-0.0308146897425077;-0.420814479638009;0.132779598233508
0.130276308054086;0.422222222222222;-0.415792540792541;-0.69341161121983;0.140513670256835;-0.234456818349436;0.209302325581395;0.135505674939518
-0.130276308054086;-0.422222222222222;0.209072978303748;-0.255208333333333;0.0859734104816376;-0.331134564643799;-0.111954459203036;0.0922685842680866
-0.130276308054086;-0.422222222222222;-0.0765327695560254;-0.371848739495798;0.0675932977913176;-0.444698703279939;-0.745098039215686;0.309015538848176
-0.258027709861451;-0.644444444444444;-0.138461538461538;-0.425;-0.376623376623377;0.0771604938271603;-0.420814479638009;0.219170244151387
-0.258027709861451;-0.644444444444444;-0.138461538461538;-0.425;-0.327926803909337;-0.111633372502938;-0.420814479638009;-0.234628938794553
0.130276308054086;0.422222222222222;0.328073184676958;-0.353035143769968;-0.0123316258774427;0.0326725403817917;-0.092436974789916;0.090055453802035
0.130276308054086;0.422222222222222;0.328073184676958;-0.155290102389079;0.192579772850189;-0.0522839845899836;-0.372549019607843;0.196013816047734
-0.130276308054086;-0.422222222222222;-0.328073184676958;-0.255208333333333;-0.864684014869888;-0.148465137509985;-0.338632750397456;-0.0713531468155896
-0.130276308054086;-0.422222222222222;-0.308552432759142;-0.392276422764228;-0.636904243732674;-0.444698703279939;-1;-0.611524849433023
-0.717029569892473;-0.927450980392157;-0.192523768366465;-0.48109756097561;-0.700547488693168;-0.476090298567845;-0.357762777242044;-0.294247343057327
-0.533988533988534;-1;0.304422253922967;0.0509803921568628;-0.532110091743119;-0.131298088855796;-0.333333333333333;-0.162741631704598
-0.256209150326797;1;0.818840579710145;-0.356051703877791;-0.632399817850637;0.692028985507246;-0.372549019607843;-0.583863220308881
-0.669372294372294;-0.916666666666667;-0.777168949771689;-0.427587490692479;-0.724010671409515;-0.797297297297297;-0.677083333333333;-0.704062345826823
-0.270605397520058;-1;-0.483354192740926;-0.232366249667288;-0.497920697810129;-0.852760736196319;-0.449275362318841;-0.477681060294829
0.107633168588687;0.422222222222222;0.328073184676958;-0.605080189116529;-0.0722694353771924;0.00799549549549631;-0.389233954451346;-0.0628136307349718
-0.324845105328377;0;0.236058059587471;0.260585144740909;-0.00555958423978719;-0.437500000000001;-0.483333333333333;0.0647859646395939
-0.324845105328377;0;0.026369168356998;0.327033547794118;-0.256929637526652;-0.428251121076233;-0.391358024691358;-0.219660136766294
-0.324845105328377;0;0.026369168356998;0.260585144740909;0.0740836716478073;-0.494047619047619;-0.209302325581395;0.189501273681833
-0.274168435951876;-0.644444444444444;-0.0250447227191414;-0.4;-0.596131163010144;-0.468077601410935;-0.36;-0.171422442399391
-0.0996218260399784;-0.422222222222222;0.209072978303748;-0.240489130434783;-0.0377286895243258;-0.164850292531835;-0.33859649122807;-0.0329471069733989
-0.126994301994302;0;0.026369168356998;0.148107905582615;-0.295303839221954;-0.511465157832043;-0.492404400209534;-0.256573636667425
-0.132275711159737;-1;-0.346270466949667;-0.380178765551395;-0.285552859618717;-0.451502732240437;-0.346534653465347;-0.240245188408025
-0.132275711159737;-1;-0.334453781512605;-0.260585144740909;-0.60066350307986;-0.792713567839196;-1;-0.571002690755941
0.0103921568627447;-1;-0.348455598455598;-0.111570247933884;-0.47599710741503;0.0326725403817917;0.278606965174129;-0.430225128894659
-0.0770064007877888;-0.422222222222222;0.209072978303748;-0.371848739495798;0.203387147831592;-0.444698703279939;-0.745098039215686;0.362367590884825
0.0103921568627447;0.422222222222222;0.131553730321697;-0.111570247933884;-0.28025471207127;-0.234456818349436;-0.092436974789916;-0.187866038206631
-0.506502395619439;-0.919191919191919;-0.49017199017199;0.125388601036269;-0.890377588306943;-0.787234042553192;-0.47008547008547;-0.554767322789075
-0.129984301412873;0;-0.0704423264907136;0.304945054945055;0.0690975020145045;-0.356989666601677;-0.492404400209534;0.188784990822121
-0.25910527191086;-1;0.0757875787578759;-0.227686791355752;-0.0240021574973031;-0.657142857142857;-0.468944099378882;0.00875002349272935
-0.25910527191086;-1;0.0704423264907136;-0.297078228086711;-0.437371394976647;-0.107081174438688;-0.346534653465347;-0.429223732397556
-0.771662763466042;-0.913333333333333;-0.325334821428571;-0.508185840707965;-0.45785405432478;-0.580103359173127;-0.277777777777778;-0.373644718507549
-0.708663429593662;-0.919191919191919;-0.49017199017199;-0.364996882145084;-0.697734973020454;-0.288389513108614;-0.47008547008547;-0.659436514985892
-0.353912419239052;0;-0.397551020408163;-0.908536585365854;-0.508910557158258;-0.736842105263158;-0.0319327731092437;-0.466653505354827
-0.353912419239052;0;-0.397551020408163;-0.0754545454545453;-0.490965174743206;0.333333333333333;-0.509859154929577;-0.44952070560801
-0.427877947295423;-1;-0.520382842963488;-0.0907637391239682;-0.46472155270836;-0.451502732240437;-0.272058823529412;-0.432770625937084
-0.300123507616303;0;-0.0757875787578759;0.374641319942611;0.0440952409404595;0.00519031141868503;-0.391358024691358;0.180841790505131
-0.300123507616303;0;0.236058059587471;0.380178765551395;0.0486852475460341;0.00519031141868503;0.092436974789916;0.0676942321643467
-0.300123507616303;0;0.236058059587471;0.380178765551395;0.0703436113323474;-0.494047619047619;-0.209302325581395;0.159306932181556
-0.353912419239052;0;-0.532169946427624;-0.689345172031076;-0.585110037327959;0.178965224766751;-1;-0.547677696282882
-0.300123507616303;0;0.00154798761609907;0.260585144740909;0.0537386423629442;-0.0892857142857142;0.21203830369357;0.144234420423574
-0.545375065570904;-0.422222222222222;0.0250447227191414;-0.240489130434783;-0.211362930766842;-0.325544554455446;-0.258467023172905;-0.199314192645827
-0.534667287110284;0.422222222222222;-0.415792540792541;-0.155290102389079;-0.264585258480164;0.225817675713292;-0.092436974789916;-0.185967039833765
-0.534667287110284;0.422222222222222;-0.415792540792541;-0.390459363957597;-0.000700592318960569;0.185700197238659;-0.372549019607843;0.0757965748988925
-0.545375065570904;-0.422222222222222;0.209072978303748;-0.371848739495798;0.0174278846153846;-0.325544554455446;-0.338632750397456;0.320375726159582
-0.534667287110284;0.422222222222222;0.328073184676958;-0.155290102389079;-0.125943337869603;-0.578826731609484;-0.827586206896552;-0.114016502077935
-0.545807453416149;0;-0.397551020408163;-0.4024;-0.519425403756885;-0.054999999999999;-0.509859154929577;-0.484333294264311
-0.616484891829072;-1;0.0757875787578759;-0.282298974635726;-0.0687204701724734;-0.505491437081161;-0.468944099378882;-0.0312706650528128
-0.616484891829072;-1;0.0704423264907136;-0.0907637391239682;-0.234919786096257;-0.49645390070922;-0.45;-0.219660707213897
-0.485807352256864;0;0.236058059587471;0.327033547794118;0.0532133533300004;-0.437500000000001;-0.391358024691358;0.129354273094822
-0.485807352256864;0;0.0128928283642224;-0.423785926660059;-0.167015237526143;-0.19927536231884;-0.209302325581395;-0.124813011568937
0.571428571428571;0;0.032967032967033;-0.356;-0.0444973938942667;-1;0;0.0523067652842588
0.571428571428571;0;0.397551020408163;-0.798649648538661;-0.053146417445483;-0.125;0;0.0485772277782957
0.571428571428571;0;0.293233082706767;-0.264556962025316;0.0459702496008068;0.428571428571429;0;0.0752148196674539
0.571428571428571;0;0.174452182775607;-0.300188882892607;-0.469349704411096;-1;0;-0.342195609029873
-0.778325123152709;0;-0.385934819897084;-0.276470588235294;-0.333524092938079;0.451502732240437;-1;-0.249966292052599
-0.736977823620423;0;-0.0704423264907136;0.327033547794118;0.0831105169340463;-0.0892857142857142;0.092436974789916;0.125216550543747
-0.821878373515653;-1;0.0704423264907136;-0.327033547794118;-0.0917852399924113;-0.540389972144847;-0.309803921568627;-0.0749936984459416
-0.736977823620423;0;0.236058059587471;0.380178765551395;0.0496245601396469;-0.692028985507246;-0.128205128205128;0.12229086894318
-0.821878373515653;-1;-0.34364278255681;-0.380178765551395;-0.0319617753909335;-0.323770491803279;-0.309803921568627;0.0199492171013671
-0.778325123152709;0;-0.562017154328122;-0.689345172031076;-0.62498071228609;0.266666666666667;-0.0319327731092437;-0.577033224623692
-0.736977823620423;0;0.0128928283642224;0.380178765551395;-0.244345081536034;-0.428251121076233;-0.128205128205128;-0.208134587785479
-0.888236136982376;-1;-0.500204895130947;-0.347917880023296;-0.729041458225519;-0.567447045707915;-0.33859649122807;-0.724209351483564
-0.891133422039434;0.422222222222222;-0.360928705440901;-0.111570247933884;0.150476261906548;0.0326725403817917;-0.092436974789916;0.183463020169811
-0.888236136982376;-0.422222222222222;0.209072978303748;-0.800357142857143;0.141419899107932;-0.377137713771377;-0.111954459203036;0.152011273362343
-0.888236136982376;-0.422222222222222;0.209072978303748;-0.800357142857143;-0.694766019892386;-0.35416133162612;-0.111954459203036;0.0543048273082716
-0.888236136982376;-0.422222222222222;0.209072978303748;-0.371848739495798;0.219230769230769;-0.224106400665004;-0.258467023172905;0.352733452788817
-0.796044499381953;-1;0.0757875787578759;-0.340768782760629;-0.306658007628491;-0.445378151260504;-0.346534653465347;-0.294661123030665
-1;0;-1;-1;-0.152136667246046;-1;0;-0.0157370931545225
0;0;0;0;0;0;0;0
-1;0;-0.96943231441048;-0.807692307692308;-0.0576844441848239;0.357142857142857;0;0.0893993503199847
-1;0;-0.438502673796791;-0.580838323353293;-0.0376639864578926;0.428571428571429;0;0.098727355002722
-1;-1;-0.520382842963488;-0.139374090247453;-0.45716398019436;-0.451502732240437;-0.720338983050847;-0.432012537777791
-1;0;-0.397551020408163;0.0668402777777778;-0.525545691730962;0.178965224766751;-0.0769230769230769;-0.50007706761177
-1;-1;0.0757875787578759;-0.324726402188783;-0.218626549055685;-0.813348416289593;-0.720338983050847;-0.205009283137333
-1;-1;0.0757875787578759;-0.324726402188783;-0.178796942505816;-0.540389972144847;-0.346534653465347;-0.163083479175972
-1;0;-0.0757875787578759;0.365309504083323;-0.0710247862008987;-0.692028985507246;0.092436974789916;-0.0342703845816618
-1;-1;0.0704423264907136;-0.142368154158215;-0.298377281947262;-0.178965224766751;-0.720338983050847;-0.284826918354558
-1;0;-0.409087706939063;-0.442428035043805;-0.428352745424293;-0.580265095729013;-1;-0.343729073619416
-1;0;0.236058059587471;0.380178765551395;0.0770474335893009;-0.692028985507246;0.21203830369357;0.0990995168082066
-1;0;0.236058059587471;0.380178765551395;0.0729691183747127;0.00519031141868503;0.0319327731092437;0.182767271607455
-1;0;0.236058059587471;0.380178765551395;0.0143929912390487;-0.494047619047619;-0.679245283018868;0.080881613908679
-1;0;0.236058059587471;0.380178765551395;-0.00977485778383141;-0.0892857142857142;-0.128205128205128;0.0556327636361439
-1;0;0.0128928283642224;0.380178765551395;0.0678190316606401;-0.528112165415663;0.21203830369357;0.203944937948082
-1;-1;-0.346270466949667;-0.380178765551395;-0.285552859618717;-0.451502732240437;-0.309803921568627;-0.240206812160715
-1;-1;-0.588341665780236;-0.680944697080827;-0.678932115570387;-0.389352818371607;-0.372549019607843;-0.660895005639037
-1;0;0.00154798761609907;0.216420007493443;-0.0614380387662565;0.00519031141868503;0.0319327731092437;0.0195979873538494
-0.536082474226804;0;-0.803921568627451;-0.764397905759162;-0.485160508782556;0.266666666666667;-0.0319327731092437;-0.434635064020268
-0.536082474226804;0;-0.397551020408163;-0.4024;-0.527274493612474;-0.442148760330579;-0.0769230769230769;-0.498990970281497
-0.407665505226481;0;-0.567080745341615;-0.0780678521881699;0.0291991495393338;-0.44220730797912;-0.679245283018868;0.0330246049522415
-0.664634146341463;-1;-0.520382842963488;-0.0907637391239682;-0.444714599976844;-0.178965224766751;-0.720338983050847;-0.412791772349909
-0.664634146341463;-1;-0.520382842963488;-0.380178765551395;-0.45716398019436;-0.178965224766751;-0.309803921568627;-0.434017878473009
-0.536082474226804;0;-0.248713550600343;0.0668402777777778;-0.265684527215945;0.266666666666667;-0.0319327731092437;-0.250726474641999
-0.407665505226481;0;-0.0797864452024323;0.0907637391239682;-0.0710166035537431;-0.494047619047619;0.0319327731092437;-0.0482505634896037
-0.407665505226481;0;-0.0757875787578759;0.259331143624963;0.0740793646258892;-0.494047619047619;0.0319327731092437;0.181775795413538
-0.664634146341463;-1;0.0704423264907136;-0.139374090247453;-0.125527279469707;-0.540389972144847;-0.309803921568627;-0.106011947588905
-0.664634146341463;-1;0.0704423264907136;-0.142368154158215;-0.371127124954251;-0.178965224766751;-0.346534653465347;-0.360416358328609
-0.407665505226481;0;-0.0704423264907136;0.304945054945055;0.0447430491029947;-0.692028985507246;-0.128205128205128;0.0681422219984838
-0.407665505226481;0;-0.0704423264907136;0.380178765551395;-0.0764014588680266;0.00519031141868503;0.21203830369357;-0.0430490538897446
-0.664634146341463;-1;0.0704423264907136;-0.327033547794118;-0.0693932411674347;-0.178965224766751;-0.346534653465347;-0.0323923730677333
-0.664634146341463;-1;0.0704423264907136;-0.327033547794118;-0.0351250048301711;-0.540389972144847;-0.309803921568627;-0.00252348072004751
-0.664634146341463;-1;-0.34364278255681;-0.380178765551395;-0.0216031618126702;-0.657142857142857;-0.346534653465347;0.0252810082466069
-0.664634146341463;-1;-0.34364278255681;-0.380178765551395;-0.08698640716713;-0.555655296229802;-0.346534653465347;-0.0355874222703086
-0.407665505226481;0;0.0415466886055122;0.148107905582615;0.0165305010893245;-0.0892857142857142;-0.128205128205128;0.099579768898632
-0.407665505226481;0;0.00154798761609907;0.260585144740909;0.0502575775727805;-0.571705426356589;-0.128205128205128;0.223345400776406
-0.407665505226481;0;0.00154798761609907;0.148107905582615;-0.267933782955242;-0.408069270449521;-0.209302325581395;-0.227656044068634
-0.536082474226804;0;-0.519478503802576;-0.542319085907744;-0.891432308698496;0.178965224766751;-0.252595155709343;-0.741341239075204
-0.291338582677165;0;-1;-1;-0.380026015320133;0.266666666666667;-0.0319327731092437;-0.362344346902164
-0.489953632148377;-1;-0.715266202568879;-0.718715256331069;-0.354604051733088;-0.451502732240437;-0.309803921568627;-0.346175125314471
-0.164619164619165;0;-0.567080745341615;0.123297002724796;0.00375049348598502;-0.428251121076233;0.0319327731092437;0.0158775347532047
-0.164619164619165;0;-0.281015037593985;-0.25470417070805;0.0168718650250798;-0.635214579659024;-0.679245283018868;0.0216847530571295
-0.164619164619165;0;-0.0704423264907136;-0.25470417070805;0.0478321578174789;-0.428251121076233;0.0319327731092437;0.0500460892072102
-0.164619164619165;0;-0.0704423264907136;0.226342710997442;0.0775735294117647;-0.692028985507246;-0.128205128205128;0.101375165724882
-0.405555555555556;0;-0.629949772222871;-0.602941176470588;-0.514049586776859;0.266666666666667;-0.0769230769230769;-0.467867036283231
-0.358377425044092;0;-0.567080745341615;0.380178765551395;0.0230327939035877;-0.0892857142857142;0.0319327731092437;0.032318664779038
-0.405555555555556;0;-0.385934819897084;-0.0754545454545453;-0.369573621375782;0.266666666666667;-0.0319327731092437;-0.271212339303391
0.286666666666667;-1;-0.236058059587471;-0.025974025974026;-0.0929766401973633;-0.823943661971831;-1;-0.0602591269978695
0.515;-1;-0.407467532467532;-0.456521739130435;0.0764978381717109;-0.431818181818182;-1;0.0840477687211183
0.515;-1;-0.0415466886055122;0.382894736842105;-0.10113653816618;-0.459382151029748;-1;-0.0733140210817618
0.492;-1;-0.0128928283642224;0.331612903225806;0.0840143003064351;-0.5902394106814;-1;0.0905419787230026
