"V1";"V2";"V3";"V4";"V5";"V6";"V7";"sil"
-0.105210953637238;-1;-0.523365100230036;-0.51140456182473;0.729879984223278;-0.219207579672696;-0.259395424836601;0.656414592571349
0.052009456264776;0;-0.454348610609888;-0.394957983193277;0.560665241850296;-0.729857819905213;-0.343261355174981;0.518581437944797
-0.130786036684913;-1;-0.480434968747324;-0.526809808752787;0.504361586853655;-0.158298697700193;-0.259395424836601;0.410514355785682
-0.133571305905154;-1;0.252546024285155;-0.592454908440039;0.773794725598636;-0.0834624465102553;-0.263517528223411;0.661683660934981
-0.392074378905655;-1;-0.829392850387743;-0.680522248867573;0.247536901367787;-0.105672587085226;-0.418240690771721;0.134855756881881
-0.0433604336043366;0;0.460723419802704;-0.320498716538321;0.800550452739235;-0.0121400547782959;0.0588235294117647;0.736764529000888
-0.173725803587285;-1;0.293963963963964;0.211177278973889;0.721986078261382;-0.234439124487005;-0.259395424836601;0.668849142653436
-0.191323257924216;-1;-0.520399975310166;-0.51140456182473;0.729879984223278;-0.269911902193456;-0.259395424836601;0.665538163909405
-0.240098749868684;-1;-0.520399975310166;-0.274509803921569;0.287426080121379;-0.266966687357748;-0.257236227824463;0.248012199449001
0.0362811791383217;0;0.0764272559852669;0.381818181818182;0.698381988334265;-0.121230769230769;-0.34841628959276;0.689344229934061
0.0342588331543694;0;-0.347391786903441;-0.0829831932773109;0.270774722449103;-0.181644764730819;-0.34841628959276;0.251092578370341
0.00504369245205574;0;0.447280799112098;-0.320543565147882;0.811218980729385;-0.0683971981870616;0.152249134948097;0.787579719110217
-0.676784220797324;0.561904761904762;-0.469178082191781;-0.463157894736842;0.698731009830206;0.110153846153846;-0.33575677461996;0.533763213860284
0.00902237787143108;0;0.436599293030001;0.394957983193277;0.764373776451944;-0.215414127736402;0.0960604425256341;0.742479233278252
0.00902237787143108;0;0.436599293030001;0.394957983193277;0.809320252946908;-0.360345134317737;0.0960604425256341;0.787597558358455
-0.284918005459357;-1;-0.0769689229459343;-0.506666666666667;0.779123212077457;-0.234439124487005;-0.263517528223411;0.706926167027886
0.0149060671388976;0;0.447280799112098;-0.153256704980843;0.176870814704906;-0.0891293147861925;0.123904881101377;0.187728838778178
-0.312801078357715;-1;-0.436599293030001;-0.355650154798762;0.773794725598636;-0.234439124487005;-0.279964617425918;0.71957471759946
0.0198488333881039;0;0.347391786903441;0.21036889332004;0.607869061085973;-0.166514285714286;0.152249134948097;0.597230409379834
0.0195853312622408;0;0.436599293030001;0.429335370511841;0.549838675947779;-0.0723514211886305;0.0960604425256341;0.537825456623674
0.0195853312622408;0;0.309462915601023;0.21036889332004;0.811420179682101;-0.0545345345345345;0.123904881101377;0.789130581233607
-0.558686730506156;-1;-0.229009009009009;-0.160366972477064;0.650682756430613;-0.327212261422788;-0.418240690771721;0.589813697842009
-0.662469562988594;0.0714285714285714;-0.627551342812006;-0.860860923038698;0.0338619524242817;-0.294619982920581;-0.200931857891672;0.312344760270373
0.00673864767593187;0;-0.530815334162615;-0.305147058823529;0.741389469173496;-0.586065573770492;-0.277310924369748;0.711916014839079
0.00673864767593187;0;-0.454348610609888;0.320543565147882;0.741389469173496;-0.181644764730819;-0.277310924369748;0.723657943475779
-0.35037905213711;-1;0.293963963963964;-0.274509803921569;0.779123212077457;-0.197329995828118;-0.263517528223411;0.728303723068051
0.00480731953167402;0;0.0764272559852669;0.381818181818182;0.700477697127613;0.0736946934130034;-0.294491525423729;0.669902704511988
-0.57767607424358;-1;-0.349343629343629;-0.104424778761062;0.694337604116254;-0.69281914893617;-0.376216673719848;0.584813464249971
-0.35037905213711;-1;-0.41952353282975;-0.43645101663586;0.605431136006017;-0.35646944083225;-0.263517528223411;0.475015926450547
-0.504982953055337;0;0.218020022246941;-0.251144832540181;0.367021797697771;-0.258317929759704;-0.371088861076345;0.316055935232763
-0.00480731953167402;0;-0.366284987277354;-0.151064972257025;0.807135883087842;-0.349664429530201;0.0960604425256341;0.749944764986867
0.00510814909410145;0;-0.293963963963964;-0.354046639231825;0.427254718538491;-0.546726504751848;0.173967459324155;0.417947195839363
-0.0174540572291688;0;-0.0288896623738254;0.320543565147882;0.706565856374639;-0.289473684210526;-0.34841628959276;0.697927139431122
-0.0224491518271583;0;0.238758825715347;-0.432773109243698;0.504844165363997;0.0781372089388966;-0.736263736263736;0.502200040884814
-0.559644704787452;-1;-0.0667517006802721;0.0685217391304348;0.397297777777778;-0.0325438269302499;-0.152249134948097;0.363454775264945
-0.495624696159455;0;0.0769689229459343;-0.689119170984456;0.534508408796895;-0.0899009900990096;-0.397417503586801;0.432027401456913
-0.379389712773582;-1;-0.0769689229459343;-0.274509803921569;0.688355462027518;-0.198246110325318;-0.279964617425918;0.640193052991871
0.0702447402318586;0;-0.293963963963964;0.21036889332004;0.275530662546444;-0.215414127736402;0.123904881101377;0.270297603329842
-0.383988481324089;-1;0.252546024285155;0.103237513131506;0.0982891934769248;-0.233170995670996;-0.259395424836601;0.112806547891014
-0.492043887867647;0;0.0769689229459343;-0.568825011112757;0.255721981342793;-0.634591961023142;-0.393382352941176;0.206979137196634
0.0900978948280347;0;0.436599293030001;0.429335370511841;0.800550452739235;-0.272176975566806;0.123904881101377;0.777630629707121
0.0900978948280347;0;0.347391786903441;0.21036889332004;0.811420179682101;-0.352274854896087;0.173967459324155;0.792617697094042
-0.597886768648478;-1;-0.362942271880819;-0.136761904761905;0.802353238333789;-0.302448830409357;-0.376216673719848;0.723030267826475
-0.488676470588235;0;0.260257749912922;-0.568825011112757;0.739655719498651;-0.189097103918228;-0.371088861076345;0.670191898417128
-0.389969131350431;-1;0.252546024285155;-0.490884072927417;0.717070103740962;-0.228054353054353;-0.259395424836601;0.673835006314896
-0.482176531419186;0;0.218020022246941;-0.251144832540181;0.458215800940259;-0.320017953321364;-0.397417503586801;0.403515761816501
-0.392953492463785;-1;0.293963963963964;-0.184695512820513;0.371126803170295;-0.230332829046899;-0.3155;0.345508967465196
0.111826439721316;0;0.309462915601023;0.274509803921569;0.716315951324518;-0.147733333333333;-0.126388888888889;0.699196443250773
-0.543905699752185;-1;0.052625;0.0177777777777778;0.735990862364363;-0.59546925566343;-0.191176470588235;0.663408836218085
-0.122481869460113;0;-0.454348610609888;0.392270531400966;0.742357091958218;0.00547445255474453;-0.389830508474576;0.72456399377895
-0.122481869460113;0;-0.454348610609888;0.392270531400966;0.742357091958218;-0.0141538461538464;-0.339712918660287;0.724701310437666
-0.395671476137625;-1;-0.0769689229459343;0.151064972257025;0.0404003129289858;-0.513726635514019;-0.278802645318482;0.0434220259525472
-0.525432938372011;-1;-0.222621902478018;-0.129172714078375;0.256991869918699;0.0241083521444696;-0.123904881101377;0.244301672571743
0.1374032215004;0;-0.113085166384659;-0.37814357567444;0.800550452739235;-0.0545345345345345;0.0588235294117647;0.748181231725246
-0.673930974603864;-0.733333333333333;0.0498099461514096;-0.456758304696449;0.538188277087034;-0.810862972153295;-0.200931857891672;0.477638863326648
-0.581639602824676;-1;-0.424954462659381;-0.492953075775162;0.485593557671698;-0.313413014608234;-0.401069518716578;0.409815865201474
-0.440754796542273;0;0.218020022246941;-0.388566694283347;0.604247538677918;-0.200663349917081;-0.399509803921569;0.554682576990861
-0.398397120354418;-1;0.252546024285155;-0.490884072927417;0.18955769547804;-0.211726998491704;-0.278802645318482;0.159327269881171
-0.432773109243697;0;0.260257749912922;-0.251144832540181;0.766689497716895;-0.10457612202992;-0.399509803921569;0.715365535087151
-0.399811344095998;-1;0.293963963963964;-0.274509803921569;0.773319490948593;-0.236640810170222;-0.259395424836601;0.732312881765544
0.182813450343209;0;0.436599293030001;0.394957983193277;0.809320252946908;-0.324608967674661;0.0960604425256341;0.790783001950793
0.182813450343209;0;0.309462915601023;0.274509803921569;0.785181146794663;-0.131531531531531;-0.316433566433566;0.761424781909698
0.182813450343209;0;0.172192513368984;-0.241469816272966;0.722674044365221;-0.0679085744484079;-0.611872146118721;0.703141726788699
-0.182813450343209;0;0.243846694796062;-0.21036889332004;0.659176279700385;0.0282918003125256;-0.523809523809524;0.607130786281112
-0.532952865541307;-1;-0.187712418300654;0.0617245657568237;0.635303767063097;-0.511560693641618;-0.166905786704926;0.520768748505487
-0.425866236905721;0;-0.408494208494208;-0.0107526881720432;0.552536873156342;-0.820717131474104;-0.371088861076345;0.466757270482253
0.18605856439492;0;0.447280799112098;0.176266339869281;0.544815510328376;-0.680150517403575;0.173967459324155;0.536964388303272
0.187720051524259;0;0.309462915601023;0.21036889332004;0.599071207430341;-0.0587715979316435;0.173967459324155;0.589072625628481
-0.496667273720634;-1;-0.529490616621984;-0.621517270165919;0.256806626209611;-0.28849902534113;-0.184313725490196;0.117077804260689
0.188032745379357;0;-0.293963963963964;0.429335370511841;0.275530662546444;-0.071563088512241;-0.126388888888889;0.265821331151098
0.188032745379357;0;0.447280799112098;0.176266339869281;0.785181146794663;-0.368630303030303;0.0588235294117647;0.761793538292494
-0.417223221166196;-1;-0.16044776119403;-0.482540391631301;0.732451165721487;-0.239251814628699;-0.152249134948097;0.663852977032221
0.173763229141029;0;0.436599293030001;0.429335370511841;0.811795235422145;-0.0682232157641994;0.0960604425256341;0.792149503879421
0.173763229141029;0;-0.0764272559852669;0.394957983193277;0.73974549721184;-0.272176975566806;-0.611872146118721;0.712912636282974
0.173763229141029;0;-0.0764272559852669;0.394957983193277;0.746578544712683;-0.0679085744484079;-0.611872146118721;0.718879138228382
-0.173763229141029;0;0.178210678210678;0.37814357567444;0.547278721884692;-0.171171171171171;-0.523809523809524;0.544832469314157
-0.173763229141029;0;0.243846694796062;-0.21036889332004;0.722790147660614;0.0679085744484079;-0.736263736263736;0.700868826046043
-0.422989964697949;-1;-0.557567804024497;-0.277777777777778;0.742852748351374;-0.33055277499722;-0.166905786704926;0.63447908062753
-0.378084567160198;-1;-0.532190132370638;0.0694736842105263;0.692978723404255;-0.158574720210665;-0.0960604425256341;0.601908310758373
-0.31028196402528;0;0.0769689229459343;-0.251144832540181;0.677040489900375;-0.258317929759704;-0.334365325077399;0.61369216527386
-0.672859994169227;-0.583333333333333;-0.735656836461126;-0.644837144837145;0.556622998544396;-0.217549923195084;-0.341176470588235;0.374464932279215
0.161473307949336;0;-0.293963963963964;-0.0377358490566038;0.154935562934851;-0.131531531531531;-0.126388888888889;0.159770286072137
-0.296227552509677;-1;0.252546024285155;0.103237513131506;0.0404003129289858;-0.556792559188275;-0.3155;0.059919853136578
-0.241354627302516;-1;0.293963963963964;-0.43723657687374;0.653836411906526;-0.178967679691268;-0.257236227824463;0.612241080272699
0.143774448298768;0;-0.252546024285155;0.394957983193277;0.800550452739235;-0.166514285714286;-0.126388888888889;0.76923757853074
-0.241354627302516;-1;-0.513267060318409;0.211177278973889;0.18955769547804;-0.35646944083225;-0.766192733017378;0.169878620775168
-0.241354627302516;-1;-0.460588089943168;-0.274509803921569;0.355598081107295;-0.26198874611573;-0.766192733017378;0.3048417834545
-0.615030821426865;-1;-0.725405405405405;-0.839935974389756;0.667174986286341;-0.0824584426946631;-0.307126696832579;0.473792028369079
-0.383548541367767;-1;-0.349343629343629;-0.104424778761062;0.776742292293424;-0.678571428571429;-0.401069518716578;0.674431581730942
-0.241354627302516;-1;-0.334806955496611;-0.015465898174832;0.653836411906526;-0.204345403899722;-0.3155;0.581559022878048
-0.369322412509308;-1;-0.722562643615275;-0.769468921171708;0.757513099461923;-0.220140258601797;-0.401069518716578;0.617217479285812
-0.134577816366399;0;-0.447280799112098;0.153256704980843;0.60072921845775;-0.418367346938776;-0.343261355174981;0.571732615244566
-0.182386067862382;-1;-0.370700636942675;-0.0177777777777778;0.745864569752282;-0.0857510099155342;-0.194180898165718;0.668689100673192
-0.197686399400525;-1;0.293963963963964;-0.43723657687374;0.75822418224027;-0.188319088319088;-0.257236227824463;0.713242951757333
-0.127695206196358;0;-0.510241182886923;-0.422941176470588;0.700477697127613;-0.834645669291339;-0.339712918660287;0.655418108320183
0.0029325513196482;0;-0.493517908152055;0.0569272976680385;0.586224279835391;-0.146567717996289;-0.5;0.509030486380246
-0.0683680322364002;0;-0.252546024285155;-0.318432176252081;0.68190290026366;-0.506243213897937;-0.126388888888889;0.65392984678055
-0.217418351477449;-1;0.252546024285155;0.230543796808857;0.456307619572926;-0.22584982788296;-0.467625899280576;0.436112674172887
-0.0683680322364002;0;0.460723419802704;0.274509803921569;0.658828172152839;-0.61864406779661;-0.316433566433566;0.64546476389054
-0.0683680322364002;0;0.460723419802704;0.274509803921569;0.658828172152839;-0.680150517403575;-0.451612903225806;0.644972697376978
-0.0683680322364002;0;0.309462915601023;-0.37814357567444;0.4299574650488;-0.00244766505636018;-0.316433566433566;0.416138992098763
-0.186710963455149;0;0.22540115046927;0.337577160493827;0.382340515420363;0.0565486622268956;-0.830985915492958;0.346507196548198
-0.0029325513196482;-1;0.349343629343629;0.0107526881720432;0.637942857142857;-0.16509271978022;-0.0960604425256341;0.604409233311171
0.00631229235880385;-0.855072463768116;-0.135017421602787;-0.36541879582315;0.558585209003215;-0.789079910856415;-0.191176470588235;0.36642175500554
0.000121075147307993;-1;-0.052625;-0.0177777777777778;0.669351005228868;-0.1036866359447;-0.208304498269896;0.552284993218383
-0.560479510794586;-1;-0.775995861355406;-0.517085076708508;0.736726741354116;-0.168603364320496;-0.341176470588235;0.532359568907778
-0.353019956992493;-1;0.293963963963964;-0.015465898174832;0.558727628432722;-0.199191567744576;-0.798913043478261;0.51505546107169
-0.0483848891322201;0;-0.529645924994762;-0.344881889763779;0.622397127865231;-0.200663349917081;-0.754098360655738;0.567092176435807
-0.353019956992493;-1;0.252546024285155;0.230543796808857;0.653836411906526;-0.171209273182958;-0.404895104895105;0.612683536841807
-0.353019956992493;-1;-0.480434968747324;0.230543796808857;0.779123212077457;-0.35646944083225;-0.588888888888889;0.725921677520883
0.0194211728865194;-1;-0.052625;-0.0177777777777778;0.69892865521466;-0.104119850187266;-0.194180898165718;0.593644454274204
-0.0483848891322201;0;-0.452998909487459;-0.290434782608696;0.76791709140333;-0.143304503429764;-0.722222222222222;0.649267657492879
-0.0194211728865194;-1;-0.16044776119403;-0.244159413650939;0.0099297423887587;-0.333402951824005;-0.0960604425256341;0.0766640447212489
-0.353019956992493;-1;-0.406014341892204;-0.502602965403624;0.777507265140694;-0.597826086956522;-0.766192733017378;0.66109579346011
-0.0194211728865194;-1;-0.532190132370638;0.0685217391304348;0.432387791741472;-0.339332036316472;-0.0960604425256341;0.37574909331144
-0.341406704127107;-1;-0.441176470588235;-0.111775700934579;0.301792413505627;-0.365129596142254;-0.48314606741573;0.282867855973309
-0.368914782265232;-1;-0.068293897882939;0.131085395051876;0.234794410374987;-0.285858585858586;-0.200931857891672;0.174169834503046
-0.0571642316493575;-1;0.341732283464567;-0.0343698854337153;0.731583284284873;-0.366554054054054;-0.199553239017126;0.680736436618102
0.0672302381163144;-1;-0.501548269581056;-0.358110516934046;0.669351005228868;-0.0349245349245351;-0.208304498269896;0.521136253439906
-0.583773784355179;-1;-0.775995861355406;-0.750708992772848;0.704898446833931;-0.0218193167631372;-0.238754325259516;0.486566611628074
-0.0832363213038417;-1;0.349343629343629;0.0107526881720432;0.240945812807882;-0.151674385464909;-0.123904881101377;0.240967026982804
-0.121747211895911;0;0.222621902478018;-0.40780197399342;0.492124031007752;-0.129078694817659;-0.334365325077399;0.444451592541662
-0.492442281809711;-1;0.252546024285155;-0.43645101663586;0.773794725598636;-0.35646944083225;-0.766192733017378;0.697286182678701
-0.492442281809711;-1;0.252546024285155;-0.43645101663586;0.773794725598636;-0.35646944083225;-0.649051490514905;0.695951792575038
-0.492442281809711;-1;0.252546024285155;-0.43645101663586;0.654567819013381;-0.178967679691268;-0.798913043478261;0.606263607444225
-0.53475518564276;0;-0.510241182886923;0.320543565147882;0.66896914676666;0.0679085744484079;-0.736263736263736;0.627463349190981
-0.370475113122172;-1;-0.166079182630907;-0.406545454545455;0.0338619524242817;-0.134878193701723;-0.170278637770898;0.277441967426703
0.103841644873298;-1;-0.052625;-0.0177777777777778;0.659367396593674;-0.263990863109806;-0.166905786704926;0.60244547433138
-0.370475113122172;-1;-0.419876084262701;-0.468307692307692;0.0750248976430231;0.095177201315309;-0.170278637770898;-0.00201772217483978
0.103841644873298;-1;-0.698508575689784;-0.0685217391304348;0.350324837581209;-0.31447060443343;-0.166905786704926;0.196974595860668
-0.141097666378565;0;-0.270757243730217;0.0569272976680385;0.303268224179752;-0.114906832298137;-0.359925788497217;0.261971666276572
0.115657070202525;-0.838759689922481;-0.0610270584812335;-0.225625651720542;0.74293059125964;-0.580344332855093;-0.208304498269896;0.593002602204156
-0.711793440334962;-1;-0.563057324840764;-0.631057268722467;0.727101394647569;-0.519675925925926;-0.481824190350297;0.51388220720306
0.123067776456599;-1;-0.052625;-0.180821917808219;0.256806626209611;-0.0842364532019704;-0.184313725490196;0.158410943970711
-0.124518083348632;-1;0.280264900662252;-0.581290849673203;0.72249694002448;-0.573339483394834;-0.399164054336468;0.647189891120362
-0.347136888670435;-1;-0.419876084262701;-0.44135593220339;0.661580228421644;-0.248822009423925;-0.200931857891672;0.626541218101114
-0.181958308866706;0;-0.493517908152055;-0.290434782608696;0.766689497716895;-0.143304503429764;-0.814814814814815;0.707631518499619
-0.181958308866706;0;-0.493517908152055;-0.0409764603312991;0.760724701079032;-0.248541947061463;-0.359925788497217;0.703325371973114
-0.181958308866706;0;-0.529645924994762;-0.103237513131506;0.492124031007752;-0.258317929759704;-0.5;0.449823055420486
-0.181958308866706;0;-0.529645924994762;-0.251144832540181;0.766689497716895;-0.298554122704182;-0.332932692307692;0.706838455542791
-0.582818641212802;0;-0.252546024285155;-0.295190713101161;0.746578544712683;-0.0282918003125256;-0.871212121212121;0.683912905661891
-0.616988372759036;0;-0.510241182886923;0.295190713101161;0.664481091463011;0.0407376823561795;-0.607476635514019;0.606253498926101
-0.573478760045924;-1;0.146972553949298;-0.355650154798762;0.0702470337075388;-0.228054353054353;-0.798913043478261;0.0948987676136877
-0.582818641212802;0;0.436599293030001;0.274509803921569;0.771230395587206;-0.0407376823561795;-0.811111111111111;0.7446531650359
-0.582818641212802;0;-0.0764272559852669;0.394957983193277;0.804777207351961;-0.347725906631938;-0.611872146118721;0.771561717246591
-0.142349247391264;-1;0.0215211267605634;0.0342857142857142;0.6427365356623;-0.178439803439804;-0.0960604425256341;0.536928600117087
-0.412985707103354;-1;-0.170274914089347;-0.236340852130326;0.482712588439461;-0.303030303030303;-0.568627450980392;0.437853163452954
-0.181958308866706;0;0.111814345991561;-0.51962574167047;0.697435221783048;-0.725822532402792;-0.593023255813953;0.555998873186966
-0.181958308866706;0;0.300915750915751;-0.251144832540181;0.742510025949516;-0.523052464228935;-0.5;0.687226630812304
-0.412985707103354;-1;-0.424954462659381;-0.1475;0.794106821970599;-0.365129596142254;-0.568627450980392;0.717275054093091
-0.153615845232612;-1;0.0215211267605634;0.0342857142857142;0.145027203482046;-0.244916267942584;-0.123904881101377;0.128784695470246
0.176312431644185;-1;-0.280264900662252;-0.0396396396396397;0.481256771397616;-0.0996383363471972;-0.292647058823529;0.45277286185937
-0.240226986128626;0;0.0667517006802721;-0.399503722084367;0.492124031007752;-0.143304503429764;-0.332932692307692;0.442440250177009
-0.288954635108481;-0.733333333333333;0.0498099461514096;0.14015322217215;0.59042181309718;-0.693050910442215;-0.197953964194373;0.542827772767214
-0.601354620222545;-0.405714285714286;-0.477301459602345;-0.78196684079037;0.522548317823908;-0.236729817374979;-0.247058823529412;0.252323971579336
0.196845794392523;-1;-0.280264900662252;-0.0685217391304348;0.742852748351374;-0.071428571428571;-0.207654145995748;0.670831115378334
-0.256756756756757;-0.733333333333333;0.10151363522642;0.196510110893673;0.133836524300442;0.0136419374616807;-0.170278637770898;0.195105954079527
-0.629865405602037;-1;0.275713213213213;-0.015465898174832;0.778437461721919;-0.21158267020336;-0.798913043478261;0.719126454929317
-0.287564766839378;0;-0.751790939360307;-0.487058823529412;0.626141282959465;-0.146567717996289;-0.387755102040816;0.506522538643491
-0.19965075669383;-1;0.280264900662252;0.0342857142857142;0.703771872974725;0.00933025404157046;-0.399164054336468;0.643072154402564
-0.19965075669383;-1;0.280264900662252;-0.482540391631301;0.732451165721487;-0.230523627075351;-0.617737003058104;0.677177362782525
0.19965075669383;-1;-0.501548269581056;-0.225625651720542;0.674407005098648;-0.581739130434783;-0.485148514851485;0.513206891513269
-0.287564766839378;0;0.300915750915751;0.0833333333333334;0.597670633709694;-0.189097103918228;-0.359925788497217;0.540525707901914
-0.287564766839378;0;0.350651769087523;-0.382522239665097;0.664828808657524;-0.523052464228935;-0.722222222222222;0.589575390936957
0.19965075669383;-1;-0.723738450604122;-0.100655737704918;0.678686183505891;-0.200789622109419;-0.679012345679012;0.508447128417188
-0.424357754519505;-1;-0.465589980224127;-0.174825174825175;0.730132733628297;-0.283751493428913;-0.589333333333333;0.6399119320012
-0.638575833289033;-1;0.293963963963964;-0.621444649068958;0.558727628432722;-0.141033640097748;-0.404895104895105;0.49954307214735
0.188997477931904;-1;-0.052625;-0.0685217391304348;0.622941290447588;-0.1036866359447;-0.292647058823529;0.570467642484591
-0.426149749052545;-1;-0.702297872340426;-0.467826086956522;0.652406207032017;-0.215768799102132;-0.334841628959276;0.255003872145023
-0.137315875613748;-0.733333333333333;-0.273358876117497;0.0532048596564726;0.364393705646405;-0.567479674796748;-0.197953964194373;0.440186518158441
-0.385311763445468;0.561904761904762;0.181669394435352;-0.540133779264214;0.690254159809837;-0.0183867141162516;-0.27061310782241;0.512608624752715
-0.642947246259808;-1;-0.480434968747324;0.230543796808857;0.716473828500188;-0.236640810170222;-0.588888888888889;0.670291928739741
-0.104515050167224;-1;-0.419876084262701;-0.354681440443213;0.666424945612763;0.0136419374616807;-0.170278637770898;0.61547732554399
0.104515050167224;-1;-0.370700636942675;0.0617245657568237;0.744384030500617;-0.581739130434783;-0.485148514851485;0.662830197713267
0.104515050167224;-1;-0.501548269581056;-0.196510110893673;0.594008550425984;-0.487179487179487;-0.869674185463659;0.444393149929659
-0.208205680218597;-1;-0.16044776119403;-0.0716180371352785;0.222549800796813;-0.0113126402393419;-0.617737003058104;0.202145719444868
-0.208205680218597;-1;-0.222621902478018;-0.0716180371352785;0.740823653643083;-0.230523627075351;-0.479166666666667;0.680269155374577
-0.642947246259808;-1;-0.406014341892204;0.230543796808857;0.626114828551231;-0.236640810170222;-0.850505050505051;0.53177536502775
-0.384103052038352;-1;-0.350651769087523;-0.174825174825175;0.709912572960244;-0.327212261422788;-0.589333333333333;0.630014183262716
-0.340289755087961;0;0.350651769087523;-0.382522239665097;0.697924576056694;-0.143304503429764;-0.754098360655738;0.643320343449391
-0.384103052038352;-1;-0.441176470588235;-0.145142857142857;0.681020733652313;-0.45710332103321;-0.589333333333333;0.624387813925627
-0.448893148651991;-1;0.185838086067699;-0.697777777777778;0.81314024491975;-0.24313682993787;-0.246463142218913;0.653697701755825
-0.378417790740065;-1;-0.229009009009009;-0.21025641025641;0.806923970162767;-0.328605577689243;-0.426318981200728;0.735791019821085
-0.0648400272294073;-1;-0.166079182630907;-0.483256784968685;0.662653825575174;-0.170871354446234;-0.221719457013575;0.580387669961574
-0.3695479777954;-0.027027027027027;-0.665195745643811;-0.247863247863248;0.742783652472135;-0.762745098039216;-0.418240690771721;0.582017034669096
0.00937662788678587;-0.838759689922481;-0.0610270584812335;-0.196510110893673;0.720343437883301;-0.667533593411357;-0.184313725490196;0.598813214674206
-0.0528789659224441;-1;-0.0215211267605634;-0.131085395051876;0.581040369552119;-0.142572850035537;-0.207654145995748;0.519096393574134
-0.558216350123865;-1;-0.359756097560976;0.114520547945206;0.752190889370933;-0.532399299474606;-0.173967459324155;0.619379351085269
0.0957256622785632;-0.733333333333333;-0.162236746550472;-0.232163606785963;0.572392194651891;0.1036866359447;-0.855297157622739;0.428129428356433
-0.403678246331042;0;-0.529645924994762;-0.719213798636181;0.759316427783903;-0.175665946724262;-0.754098360655738;0.626226800128174
-0.0957256622785632;-1;-0.280264900662252;-0.231182795698925;0.333346309560885;-0.182517938682322;-0.485148514851485;0.221570823939798
-0.264402584903066;-1;0.280264900662252;-0.317785527462947;0.587809820732658;-0.326111826111826;-0.479166666666667;0.509152888505094
-0.403678246331042;0;0.0667517006802721;-0.115358361774744;0.597670633709694;-0.523052464228935;-0.722222222222222;0.527291175144458
-0.264402584903066;-1;-0.16044776119403;-0.0716180371352785;0.472812762384551;-0.178439803439804;-0.827586206896552;0.427116412898861
0.0957256622785632;-1;-0.64967562557924;-0.44135593220339;-0.124837209302326;-0.123066926575698;-0.45631067961165;0.299030520401169
-0.0957256622785632;-1;-0.649800159872102;0.0343698854337153;0.734866744714551;-0.0349245349245351;-0.485148514851485;0.614578065524995
-0.222617005635873;0.561904761904762;-0.313880126182965;-0.467826086956522;0.49438202247191;-0.0183867141162516;-0.27061310782241;0.353390670286957
-0.253729048131632;-0.561904761904762;0.247032380417223;-0.277676499834272;0.817410728738386;-0.324877375843041;-0.341176470588235;0.687698607369026
0.207255837308562;-1;-0.419876084262701;-0.44135593220339;0.621310062486533;-0.134878193701723;-0.237151702786378;0.598816516482689
-0.189164294088093;-0.561904761904762;0.214668908639603;-0.354040912139504;0.577467416177495;-0.441696914700545;-0.312987012987013;0.528572162897775
0.176876955161627;-0.733333333333333;-0.605250364608653;0.21404193076548;0.566402680475175;-0.0651214128035323;-0.170278637770898;0.395467339177787
-0.254180839002268;-0.583333333333333;-0.197592778335005;-0.18552036199095;0.728808521179093;-0.457908163265306;-0.156891495601173;0.610679712123396
0.176876955161627;-0.733333333333333;-0.162236746550472;-0.232163606785963;0.554285714285714;0.0857510099155342;-0.67816091954023;0.442172759815489
0.176876955161627;-0.733333333333333;-0.273358876117497;-0.149264528574873;0.408725247524752;-0.214884696016772;-0.303763440860215;0.330695847443643
-0.450065312908206;-1;-0.374421768707483;-0.567455242966752;0.798990164875924;-0.303266178266178;-0.730886850152905;0.686222170559185
-0.450065312908206;-1;-0.170274914089347;-0.111775700934579;0.802353238333789;-0.355183845690175;-0.768421052631579;0.730139531572977
0.176876955161627;-1;-0.627551342812006;-0.0974358974358975;0.133836524300442;-0.214884696016772;-0.45631067961165;0.382853892856069
-0.367715967800072;-1;-0.111814345991561;-0.436282212445003;0.526099518459069;-0.293336591723688;-0.827586206896552;0.470469674359848
-0.450065312908206;-1;-0.424954462659381;-0.153846153846154;0.752776527978403;-0.303030303030303;-0.831417624521073;0.670541398066408
0.0854413102820751;-1;-0.627551342812006;0.160312356453835;0.160450906026127;0.0997818974918212;-0.221719457013575;0.0663078452217823
-0.154034604195376;-0.583333333333333;-0.256117600035529;-0.272663610898905;0.688359478862005;-0.457908163265306;-0.238754325259516;0.550208669945226
-0.380466472303207;-1;-0.111814345991561;-0.359104437229437;0.50117048346056;-0.602326685660019;-0.294969512195122;0.412544744171687
-0.285589953997265;-0.277220077220077;-0.849282937943975;-0.196510110893673;0.742852748351374;-0.581739130434783;-0.292647058823529;0.518910729926808
-0.436392914653784;-1;0.341732283464567;-0.0343698854337153;0.562728682170543;0.0241083521444696;-0.199553239017126;0.52939137396075
-0.0681280698562852;0.561904761904762;-0.307517398194722;-0.445257611241218;0.719279115553536;-0.271359669269637;-0.318181818181818;0.591705817753078
-0.458503789680652;-0.855072463768116;-0.392466585662211;0.0694736842105263;0.628902077151335;-0.16509271978022;-0.694589877835951;0.34691437171811
-0.381835903505413;-0.838759689922481;-0.297203728362184;-0.0177777777777778;0.465278020480201;-0.0349245349245351;-0.679012345679012;0.27229980927219
-0.513548512415423;-0.866666666666667;-0.354864864864865;-0.405634236453202;0.155607920955806;-0.634551495016611;-0.831417624521073;0.0619813715708094
-0.513548512415423;-1;-0.374421768707483;-0.567455242966752;0.806623694154256;-0.272486772486773;-0.831417624521073;0.691452194321058
-0.558538372042918;0;0.0667517006802721;-0.115358361774744;0.650690673525769;-0.146567717996289;-0.754098360655738;0.57770495000171
-0.109766315985476;-1;-0.64967562557924;-0.454226327944573;-0.462356110702914;-0.307508070394668;-0.814569536423841;0.122408956285695
-0.0955964325529544;0.561904761904762;0.181669394435352;-0.463157894736842;0.610226320201174;0.0805378627034682;-0.225690276110444;0.464495319706025
0.0298728186926945;-0.561904761904762;0.247032380417223;-0.354040912139504;0.74721941354904;-0.324877375843041;-0.118538324420677;0.651400964665596
0.0298728186926945;-0.561904761904762;0.197592778335005;-0.277676499834272;0.632844977674606;-0.316216216216216;-0.246463142218913;0.541941904921166
0.0192444761225945;-0.561904761904762;0.247032380417223;-0.354040912139504;0.805845295879376;-0.337689050211736;-0.20615671641791;0.664821668783525
0.0192444761225945;-0.561904761904762;0.197592778335005;-0.459088682018618;0.792385083010416;-0.346913580246914;-0.118538324420677;0.635429233324308
-0.18512101359034;-0.583333333333333;-0.181669394435352;-0.301775147928994;0.518429003021148;-0.271036387264458;-0.121732026143791;0.406801250817802
-0.31409626719057;0.0714285714285714;-0.531191256830601;0.091125541125541;0.533919697089217;0.104010025062656;-0.221719457013575;0.432888709727406
0.0375000000000005;-1;-0.487348734873487;-0.6187624750499;0.732162089391492;-0.745851114272167;-0.0588235294117647;0.528529207429679
-0.218750000000001;-0.583333333333333;-0.258691206543967;-0.4;0.585846713117237;-0.271036387264458;-0.238754325259516;0.467538551658175
-0.197916666666667;0.561904761904762;0.181669394435352;-0.467241379310345;0.666144337076695;0.0916923076923073;-0.34984520123839;0.522144139414293
-0.197916666666667;0.561904761904762;0.181669394435352;-0.463157894736842;0.279615493355951;-0.195378151260505;-0.225690276110444;0.207630145042408
-0.249916888297872;-1;-0.411094224924012;-0.289090636254502;0.755121725017389;-0.754772004241782;-0.230769230769231;0.580584591343074
-0.404009433962264;-0.733333333333333;-0.605250364608653;-0.00272075191689347;0.510655090765588;0.1036866359447;-0.45631067961165;0.205035881111728
0.0683348294434472;-0.612121212121212;-0.218320610687023;-0.447879223580158;0.192421676545301;-0.33083645443196;-0.0958230958230959;0.348876865590661
-0.251244469026549;0.561904761904762;0.162236746550472;-0.444270015698587;0.285714285714286;0.0308502633559066;-0.489795918367347;0.179039682219648
-0.404009433962264;-0.733333333333333;-0.068293897882939;0.00487012987012989;0.323837868480726;-0.619676945668135;-0.855297157622739;0.252406862480524
-0.702864354697103;0;-0.529645924994762;-0.22018927444795;0.691449719244512;-0.344391785150079;-0.814814814814815;0.635193453146174
-0.674080761654629;-1;-0.374421768707483;-0.145142857142857;0.798990164875924;-0.272486772486773;-0.768421052631579;0.694685064175095
-0.249916888297872;-1;-0.822550831792976;-0.21320047355959;0.472841444270016;-0.455714285714286;-0.156891495601173;0.302383140494562
-0.647681136789507;-1;-0.4677734375;0.030909090909091;0.660325548478415;-0.472573839662447;-0.867724867724868;0.56942379179238
-0.0792655109489055;-1;0.185838086067699;-0.277676499834272;0.666410867274477;-0.329195857447457;-0.118538324420677;0.60105262099033
-0.301992358078602;0.561904761904762;0.181669394435352;-0.463157894736842;0.570605060506051;-0.137848222862632;-0.30672268907563;0.415245764845632
-0.537126537785589;-1;-0.51602023608769;-0.464949324324324;0.749735884493485;-0.625668449197861;-0.356149732620321;0.600426218933428
-0.348597645429363;-0.583333333333333;-0.258691206543967;-0.4;0.756883671291355;-0.322079314040729;-0.121732026143791;0.648169062345533
-0.190506012024048;-1;-0.5103515625;-0.703042763157895;0.805845295879376;-0.670487106017192;-0.118538324420677;0.558052257958252
0.190506012024048;-1;-0.13955899633649;-0.128840970350404;0.672054794520548;-0.541339116291678;-0.247058823529412;0.537566732073644
0.190506012024048;-0.612121212121212;-0.247032380417223;-0.342169857633775;0.56118941216913;-0.281358706773072;-0.0588235294117647;0.400950501360148
-0.199772267206478;-0.561904761904762;0.197592778335005;-0.697777777777778;0.751574998963816;-0.411529904462767;-0.309436274509804;0.624654666399497
-0.408010563380282;-0.583333333333333;-0.396463453056081;-0.424581005586592;0.165991836734694;-0.461473565804275;-0.733333333333333;0.0755037653538688
-0.408010563380282;-0.583333333333333;-0.396463453056081;-0.18552036199095;0.439463917525773;-0.457358374384236;-0.733333333333333;0.301968751234584
-0.408010563380282;-0.583333333333333;-0.258691206543967;-0.4;0.758386411889597;-0.347943722943723;-0.230769230769231;0.650350295323008
-0.620362903225807;-0.733333333333333;-0.605250364608653;-0.00272075191689347;0.586466165413534;0.1036866359447;-0.594202898550725;0.293139804689532
-0.741193013617525;-0.838759689922481;-0.671316477768091;0.00272075191689347;0.234301624901301;-0.595555555555556;-0.794871794871795;0.121743336963646
-0.408010563380282;-0.583333333333333;-0.197592778335005;-0.301775147928994;0.592310469314079;-0.436166512059369;-0.230769230769231;0.479593669941873
0.212449083503055;-0.612121212121212;-0.218320610687023;-0.447879223580158;0.507627118644068;-0.33083645443196;0.0625;0.487996345713665
-0.620362903225807;-0.733333333333333;-0.068293897882939;0.178923293455313;0.364393705646405;0.0857510099155342;-0.396438612933458;0.427568891326086
-0.802824472243941;0;0.0667517006802721;-0.0694736842105263;0.327841105354059;-0.320720720720721;-0.814814814814815;0.310295895632677
-0.620362903225807;-1;-0.627551342812006;0.21404193076548;0.664110145998891;0.0857510099155342;-0.855297157622739;0.587577710938517
-0.408010563380282;-1;-0.859022556390977;-0.424581005586592;0.549240426867545;-0.0780187623719771;-0.156891495601173;0.359355283167784
-0.785330818340105;-0.027027027027027;-0.665195745643811;-0.21025641025641;0.142330864576538;-0.697172619047619;-0.768421052631579;0.067764415524068
0.240735908141962;-0.612121212121212;-0.218320610687023;-0.229283172343671;0.593653250773994;-0.303495880650189;-0.0588235294117647;0.531827665974216
-0.480546357615894;-1;-0.226774924471299;-0.444813829787234;0.668535825545171;-0.527027027027027;-0.173967459324155;0.520257096766219
0.241990546218487;-0.612121212121212;-0.214668908639603;-0.523573200992556;0.475223964165733;-0.29466751646484;0.0625;0.334886251843986
0.241990546218487;-0.612121212121212;-0.214668908639603;-0.229283172343671;0.304150197628459;-0.486342229199372;-0.0958230958230959;0.362064290826767
-0.426339285714286;-1;-0.356694560669456;-0.129199604743083;0.267421383647799;-0.42165593027662;-0.173967459324155;0.281410032608114
-0.476471539456662;-1;-0.662279684601113;-0.719776995305164;0.746929824561404;-0.835298196948682;-0.121732026143791;0.47496017623569
-0.197602370689655;-0.561904761904762;0.19062381852552;-0.0736384374108926;0.81891917381873;-0.314098878988215;-0.118538324420677;0.696612299702972
-0.189659827213823;-1;-0.691224623444663;-0.7125;0.767326549491212;-0.762245547073791;-0.611111111111111;0.476520984689135
0.189659827213823;-1;-0.566214807090719;-0.304460665044607;0.173895719489982;-0.846743295019157;-0.580524344569288;0.0876267011185375
-0.55348996350365;0.561904761904762;-0.475595735785953;-0.445257611241218;0.227953216374269;-0.70225321888412;-0.743589743589744;0.313523173987629
-0.478500639386189;-0.583333333333333;-0.396463453056081;-0.424581005586592;0.350515463917526;-0.566309987029831;-0.733333333333333;0.264675666177264
-0.55348996350365;0.561904761904762;-0.473970251716247;-0.467241379310345;0.708842141269027;0.0308502633559066;-0.821428571428572;0.570158915280663
0.189659827213823;-0.612121212121212;-0.214668908639603;-0.767037261013165;0.735059760956175;-0.204919204919205;-0.0958230958230959;0.576170971450107
-0.189659827213823;-0.561904761904762;0.214668908639603;-0.354040912139504;0.588294651866801;-0.328706482593037;-0.386666666666667;0.484324106958907
-0.478500639386189;-0.583333333333333;-0.258691206543967;-0.18552036199095;0.36974025974026;-0.461473565804275;-0.733333333333333;0.272987192858718
-0.55348996350365;0.561904761904762;-0.313880126182965;-0.397993311036789;-0.133836524300442;-0.149416909620991;-0.821428571428572;0.126547280562168
-0.691385135135135;-0.733333333333333;-0.605250364608653;-0.00272075191689347;0.05617035546613;0.0113126402393419;-0.855297157622739;0.0692668921468622
-0.467657342657343;-0.813333333333333;-0.620016963528414;-0.7746863066012;0.517004798383702;-0.519675925925926;-0.2;0.303046599972149
0.189659827213823;-0.612121212121212;-0.218320610687023;-0.342169857633775;0.638353765323993;-0.448689138576779;-0.45578231292517;0.557938964964688
-0.478500639386189;-0.583333333333333;-0.197592778335005;-0.254096900605629;0.0634146341463415;-0.372613202400436;-0.816849816849817;0.0778694666193033
-0.780132192846034;-0.838759689922481;-0.297203728362184;0.0716180371352785;0.227098944792782;-0.0857510099155342;-0.679012345679012;0.147877663314517
-0.55348996350365;0.561904761904762;-0.435011709601874;-0.429864253393665;0.518006056370836;-0.436446629213483;-0.318181818181818;0.227875498174515
-0.691385135135135;-1;-0.627551342812006;0.21404193076548;0.326371173469388;-0.214884696016772;-0.814569536423841;0.443631927357978
-0.882780637016897;0.027027027027027;-0.441188029869182;-0.502602965403624;0.778521633677761;-0.687442922374429;-0.850505050505051;0.63320790295264
-0.132018008474576;-0.561904761904762;0.247032380417223;-0.594545454545454;0.71145886712129;-0.674851190476191;-0.118538324420677;0.485043534754415
-0.354219143576827;-1;-0.321547420965058;-0.192872117400419;0.727101394647569;-0.644385026737968;-0.442533936651584;0.570507049037213
-0.117007337526206;-0.561904761904762;0.197592778335005;-0.716033519553073;0.520863110332427;-0.316216216216216;-0.341176470588235;0.401544788808952
-0.315909090909091;0;0.2953125;0.326636904761905;0.789634146341463;0.433673469387755;-0.357609710550887;0.724729477986535
-0.209558823529412;-1;-0.167515274949084;-0.427285992217899;0.700411522633745;-0.626358695652174;-0.0625;0.601679387064899
-0.298516949152542;0;-0.165041782729805;-0.463631465517241;0.697499007542676;-0.3;0.0775401069518717;0.482656254976407
-0.451210618436406;-0.583333333333333;-0.413569424964937;-0.301775147928994;0.715023474178404;-0.277862985685071;-0.156891495601173;0.571857648626726
0.106017561983471;-0.612121212121212;-0.214668908639603;-0.229283172343671;0.418047971918877;-0.451581975071908;0.0625;0.286904661195776
0.0214624881291545;-1;-0.167515274949084;0.0309604519774011;0.407508532423208;-0.464285714285714;-0.173967459324155;0.361239824164333
-0.167497691597415;-1;-0.341905564924115;-0.506334459459459;0.276297335203366;-0.754672897196262;-0.688888888888889;0.290224751362736
-0.0486833654463711;-1;-0.456711273317113;-0.625629496402878;0.680753460804612;-0.68415727088754;-0.611111111111111;0.463840316257404
-0.0717117117117116;0;-0.546572065011138;-0.623354037267081;0.727399093904448;-0.562927856766719;-0.274509803921569;0.496473009348887
-0.0486833654463711;-0.561904761904762;0.214668908639603;-0.459088682018618;0.313520898390584;-0.329195857447457;-0.746556473829201;0.312925319924478
0.0214624881291545;-0.846153846153846;-0.672200658860367;-0.556690580162196;0.754140657511444;-0.430514585381842;-0.189189189189189;0.460138595759382
-0.430290162774239;-0.583333333333333;-0.521507498026835;-0.327563249001332;0.36320272572402;-0.749729437229437;-0.121732026143791;0.25804518538483
-0.291111111111111;0;-0.330949284785436;-0.474511173184358;0.488505747126437;-0.367937131630648;-0.575367647058823;0.309470351851858
-0.0894284868226236;-1;-0.351333907056799;-0.24625;0.572508591065292;-0.541284403669725;-0.173967459324155;0.453997655643685
-0.293567443386938;0;-0.330949284785436;-0.166309012875536;0.612044817927171;-0.477777777777778;-0.414545454545455;0.461806019853807
-0.234870701146361;-0.813333333333333;-0.75228126677402;-0.201977401129944;-0.0769057665260196;-0.561673414304993;-0.249417249417249;0.0917453586929578
-0.386850381908043;-0.561904761904762;-0.648131922052432;-0.397552588996764;0.81891917381873;-0.324877375843041;-0.118538324420677;0.509509800850805
0.0690909090909091;0;-0.73547619047619;-0.32840616966581;0.689119170984456;-0.286013400335008;-0.666666666666667;0.285359579705747
0.0690909090909091;0;-0.73547619047619;-0.379573170731707;0.721567135793077;-0.559711286089239;-0.152083333333333;0.434021685813436
-0.572192513368984;0;-0.619155354449472;-0.0956651718983557;0.85344387755102;-0.659090909090909;-0.130434782608696;0.741458520016455
-0.348710990502035;0;-0.31298828125;-0.644396551724138;0.177917320774464;-0.363095238095238;-0.460416666666667;0.02586334970794
-0.348710990502035;0;-0.636708860759494;-0.629750844594595;0.489095582584731;-0.363095238095238;-0.32258064516129;0.386248525456341
0.0690909090909091;0;-0.2953125;-0.369162087912088;0.396648044692737;-0.3;0.0775401069518717;0.264812167052974
-0.471492172913974;-1;-0.492379255740301;-0.7125;0.78155709468035;-0.803530751708428;-0.611111111111111;0.526011756664105
-0.0690909090909091;0;0.150048638132296;0.326636904761905;0.561893203883495;0.435897435897436;-0.279279279279279;0.484178145299597
-0.483975005039307;-0.612121212121212;-0.19062381852552;-0.229283172343671;0.486005528680028;-0.325066861171894;-0.45578231292517;0.440824022283482
-0.277543648404575;-0.846153846153846;-0.631876050924814;-0.656856050259492;0.748828988068935;-0.546001926782274;-0.189189189189189;0.488714385696405
-0.38478439989014;-0.813333333333333;-0.598352599803435;-0.692307692307692;0.55789088543784;-0.560677083333333;-0.333333333333333;0.349348564361741
-0.67876646321876;-0.583333333333333;-0.396463453056081;-0.18552036199095;0.479933377748168;-0.27635969302636;-0.816849816849817;0.338075848874083
-0.471492172913974;-0.561904761904762;0.197592778335005;-0.354040912139504;0.750689381634118;-0.329195857447457;-0.746556473829201;0.597800507290132
-0.350247524752475;0;-0.613661202185792;-0.111434108527132;-0.0229753015508328;-0.446774193548387;-0.460416666666667;0.110275211432192
0.0517241379310344;0;0.225840336134454;0.37623031496063;0.692044482463644;0.311194895591647;-0.46218487394958;0.616544004397206
0.0517241379310344;0;0.234375;-0.183122362869198;0.183544303797468;-0.648745519713262;-0.274509803921569;0.152204478052629
0.0517241379310344;0;0.2953125;0.427285992217899;0.572115384615385;0.433673469387755;-0.274509803921569;0.520753144165882
-0.389250814332248;-1;-0.157006048387097;-0.130233990147783;0.513838748495788;-0.562125748502994;-0.0775401069518717;0.403966540744065
-0.323065902578797;0;-0.569272445820433;-0.125;0.272950417280314;-0.23513986013986;-0.19672131147541;0.279718470355097
-0.52416918429003;-1;-0.829843561973526;-0.506334459459459;0.689040905618446;-0.450354609929078;-0.497435897435897;0.297238303670161
-0.475931677018634;-1;-0.664923954372624;-0.564494680851064;0.511526479750779;-0.373543123543123;-0.602272727272727;0.344720883249066
-0.68476357267951;-1;-0.769715551013456;-0.638671145949981;0.708696875879538;-0.674160964483545;-0.580524344569288;0.277083350243893
-0.52416918429003;-1;-0.563057324840764;-0.363636363636364;0.523269012485812;-0.754672897196262;-0.497435897435897;0.451615272711372
-0.323065902578797;0;-0.330949284785436;-0.699178832116788;0.703595724003887;-0.441489361702128;-0.32258064516129;0.581678304680629
0.0480769230769231;0;0.234375;0.427285992217899;0.790123456790123;0.16;-0.695238095238095;0.697973119204386
0.0480769230769231;0;0.2953125;0.369162087912088;0.614678899082569;0.394859813084112;-0.58974358974359;0.55908672729869
-0.52416918429003;-1;-0.51602023608769;-0.506334459459459;0.59135938359934;-0.669243986254296;-0.747747747747748;0.374303167800536
-0.677770859277709;-1;-0.691224623444663;-0.7125;0.811544941329471;-0.762245547073791;-0.83859649122807;0.56435732901906
-0.475931677018634;-1;-0.157006048387097;-0.444813829787234;0.738683690530476;-0.626358695652174;-0.758064516129032;0.627560075157102
-0.0480769230769231;0;-0.15244708994709;-0.389648033126294;0.543283582089552;-0.267304347826087;-0.152083333333333;0.5031222566695
-0.52416918429003;-0.813333333333333;-0.529228449359135;-0.542270531400966;0.741230731884937;-0.519675925925926;-0.2;0.457807015334726
-0.677770859277709;-0.561904761904762;0.214668908639603;-0.831737346101231;0.785598501494903;-0.309443580438915;-0.386666666666667;0.580514697243627
-0.790424739195231;-0.583333333333333;-0.396463453056081;-0.709192358615472;0.542392909896603;-0.226585905952846;-0.230769230769231;0.399191639678871
-0.677770859277709;-0.561904761904762;0.214668908639603;-0.459088682018618;0.404669205612108;-0.344799054373522;-0.543650793650794;0.385376554283307
-0.0100000000000001;0;-0.225840336134454;-0.316236413043478;0.697499007542676;-0.264471057884231;0.0775401069518717;0.527350508015007
-0.153225806451613;0;-0.462952158693116;-0.103015075376884;0.69876348329387;-0.23513986013986;-0.19672131147541;0.489877357724337
-0.841994382022472;-1;-0.80576070901034;-0.657442235357335;0.484638775296215;-0.660694896851249;-0.615384615384615;0.118404709585773
-0.153225806451613;0;-0.465191740412979;-0.0861111111111111;0.432034632034632;-0.127358490566038;-0.19672131147541;0.325615724435965
-0.153225806451613;0;-0.512354152367879;-0.0766871165644171;-0.28169014084507;-0.100955794504182;-0.19672131147541;0.0795917933291921
-0.153225806451613;0;-0.613661202185792;-0.157266811279826;0.684025224502529;-0.582228116710875;-0.461538461538462;0.585217245005688
-0.153225806451613;0;-0.613661202185792;-0.157266811279826;0.628841607565012;-0.510869565217391;-0.533333333333333;0.509286269488193
0.0480769230769231;0;0.225840336134454;0.297794117647059;0.390277777777778;0.394859813084112;-0.581699346405229;0.333595346812798
0.0480769230769231;0;0.225840336134454;0.297794117647059;0.654347826086957;0.16;-0.58974358974359;0.558207229709032
-0.375;0;-0.338815789473684;-0.676587301587302;0.847003994673768;-0.486111111111111;-0.130434782608696;0.730150151271893
-0.0480769230769231;0;-0.234375;0.0317503392130258;0.645580226225388;-0.568062827225131;-0.592592592592593;0.487619259592802
-0.746835443037975;-1;-0.725461254612546;-0.634794156706507;0.657716223855285;-0.498592990534664;-0.580524344569288;0.220665175893147
-0.153225806451613;0;-0.636708860759494;-0.629750844594595;0.700201207243461;-0.394859813084112;-0.339622641509434;0.545150419074907
-0.0480769230769231;0;-0.2953125;-0.369162087912088;0.767565767565768;-0.299404761904762;-0.666666666666667;0.629548826469135
0.0480769230769231;0;0.2953125;0.369162087912088;0.782094594594595;0.16;-0.581699346405229;0.714684763819752
0.0480769230769231;0;0.2953125;0.369162087912088;0.786676646706587;0.435897435897436;-0.58974358974359;0.7238600778607
-0.0480769230769231;0;-0.157623626373626;-0.369162087912088;0.775865559829925;-0.446822478991597;-0.126984126984127;0.641391586171454
-0.616788321167883;-1;-0.341905564924115;-0.506334459459459;0.276297335203366;-0.754672897196262;-0.747747747747748;0.290493395572967
-0.375;0;-0.569156804733728;-0.701517150395778;0.804178674351585;-0.536904761904762;-0.0196078431372548;0.602855361029419
0.0480769230769231;0;0.150048638132296;0.211902390438247;0.593373493975904;0.178439803439804;-0.695238095238095;0.527505374299511
-0.285714285714286;0;-0.519412878787879;-0.0341419586702605;0.76056338028169;-0.566666666666667;-0.555555555555556;0.569570595211293
-0.361702127659574;0;-0.613661202185792;-0.111434108527132;0.69609416800428;-0.36046511627907;-0.533333333333333;0.591479650843982
0.285714285714286;0;0.613661202185792;0.157266811279826;0.661475232532987;0.510869565217391;0.365079365079365;0.656877204196422
-0.285714285714286;0;-0.619155354449472;-0.0956651718983557;0.712421052631579;-0.625;-0.365079365079365;0.613307032814373
-0.361702127659574;0;-0.613661202185792;-0.629750844594595;0.684025224502529;-0.510869565217391;-0.695652173913044;0.574213872687861
-0.675324675324675;-1;-0.226774924471299;-0.501795332136445;0.0993605782596607;-0.695121951219512;-0.803921568627451;0.192508721139376
-0.285714285714286;0;-0.0573204419889504;-0.0956651718983557;0.842722371967655;-0.416666666666667;-0.555555555555556;0.743972634108152
-0.361702127659574;0;-0.31298828125;-0.36155523255814;0.512204881952781;-0.279411764705883;-0.695652173913044;0.342390221114784
-0.428571428571429;0;0.234375;-0.363440860215054;0.774305555555556;0.16;-0.695238095238095;0.63074315988837
-0.45;0;-0.234375;0.0317503392130258;0.712197350388305;-0.568062827225131;-0.592592592592593;0.583893209575718
-0.361702127659574;0;-0.330949284785436;-0.474511173184358;0.457408461392525;-0.394859813084112;-0.533333333333333;0.395058206561475
-0.285714285714286;0;-0.361979166666667;-0.65552805280528;0.843585237258348;-0.363095238095238;-0.0196078431372548;0.757069165767851
-0.428571428571429;0;0.234375;0.427285992217899;0.698788780280493;-0.583333333333333;-0.256565656565657;0.626047168145305
-0.675324675324675;-1;-0.359756097560976;-0.427285992217899;0.201185185185185;-0.527027027027027;-0.803921568627451;0.124034067619151
-0.675324675324675;-1;-0.356694560669456;-0.444813829787234;0.668535825545171;-0.541284403669725;-0.0775401069518717;0.559217922204622
-0.726027397260274;-1;-0.51602023608769;-0.506334459459459;0.714052831193027;-0.637305699481865;-0.249417249417249;0.519799042164042
-0.428571428571429;0;0.189801699716714;-0.0309604519774011;0.779109589041096;0.435897435897436;-0.58974358974359;0.684639034928678
-0.45;0;-0.15244708994709;-0.463631465517241;0.554599246906939;-0.51791347453808;-0.592592592592593;0.516285752047384
-0.675324675324675;-1;-0.150048638132296;0.0309604519774011;0.653404067197171;-0.382541845075905;-0.0775401069518717;0.554428664824254
-0.86126526082131;-1;-0.662279684601113;-0.451097804391218;0.610928961748634;-0.850953895071542;-0.230769230769231;0.361923623703261
0.814814814814815;0;0.462952158693116;0.0976645435244162;0.826198316867911;0.485294117647059;0.555555555555556;0.705165731585369
0.814814814814815;0;0.569272445820433;0.125;0.828047150322032;0.582228116710875;0.555555555555556;0.759289300555532
0.814814814814815;0;0.613661202185792;0.0175808720112518;0.660534384581691;0.35672514619883;0.555555555555556;0.623409665375487
0.814814814814815;0;0.309640522875817;0.166309012875536;0.829907440798173;0.582228116710875;0.365079365079365;0.747440244216547
-0.847494553376906;0;-0.330949284785436;-0.166309012875536;0.481706504649985;-0.36046511627907;-0.695652173913044;0.414364262344202
-0.847494553376906;0;-0.330949284785436;-0.286684782608696;0.700808625336927;-0.394859813084112;-0.533333333333333;0.60574336611199
-0.545454545454546;0;-0.569805194805195;-0.0526849037487335;0.78659793814433;-0.566666666666667;-0.411764705882353;0.602623664314753
0.545454545454546;0;0.613661202185792;-0.678846153846154;0.80843511848836;-0.478260869565217;0.555555555555556;0.760936532528665
-0.81358189081225;-1;-0.563057324840764;-0.586261980830671;0.120405018710103;-0.682705718270572;-0.747747747747748;0.281426686204471
-0.666136724960254;0;-0.636708860759494;-0.0777027027027028;0.619737750172533;-0.394859813084112;-0.19672131147541;0.378414858717609
-0.285714285714286;0;-0.0573204419889504;-0.0341419586702605;0.69904;-0.473684210526316;-0.135802469135802;0.581523201040599
-0.487179487179487;0;-0.60832137733142;-0.110655737704918;0.593073593073593;-0.399147727272727;-0.19672131147541;0.32050395322904
-0.166666666666667;0;-0.577651515151515;-0.151177199504337;0.770576540755467;-0.581111111111111;-0.135802469135802;0.629781861011441
