INTEGER;DOUBLE;DOUBLE;DOUBLE;DOUBLE;CATEGORICAL
ID;Sep_len;Sep_wid;Pet_len;Pet_wid;gruop
0;5.1;3.5;1.4;0.2;2
1;4.4;3;1.3;0.2;2
2;6.5;2.8;4.6;1.5;2
3;6.4;2.9;4.3;1.3;2
4;6.8;2.8;4.8;1.4;2
5;5.5;2.4;3.8;1.1;2
6;6.4;3.2;5.3;2.3;2
7;6.3;2.7;4.9;1.8;2
8;7.7;3;6.1;2.3;2
9;4.6;3.1;1.5;0.2;2
10;5.4;3.9;1.3;0.4;2
11;4.8;3.1;1.6;0.2;2
12;5;3.5;1.6;0.6;2
13;5.2;2.7;3.9;1.4;2
14;5;2;3.5;1;2
15;6.7;3.1;4.7;1.5;2
16;5.6;3;4.1;1.3;2
17;5.7;2.5;5;2;2
18;6.1;3;4.9;1.8;2
19;6.3;2.5;5;1.9;2
20;6.5;3;5.2;2;2
21;4.6;3.4;1.4;0.3;2
22;4.8;3.4;1.6;0.2;2
23;5.1;3.5;1.4;0.3;2
24;6;2.2;4;1;2
25;5.7;3;4.2;1.2;2
26;5;3.6;1.4;0.2;2
27;4.4;2.9;1.4;0.2;2
28;5.7;3.8;1.7;0.3;2
29;4.9;2.4;3.3;1;2
30;5.6;3;4.5;1.5;2
31;5.5;2.5;4;1.3;2
32;6.2;2.9;4.3;1.3;2
33;6.7;2.5;5.8;1.8;2
34;6.5;3.2;5.1;2;2
35;5.6;2.8;4.9;2;2
36;5.9;3;5.1;1.8;2
37;6.4;3.2;4.5;1.5;2
38;6.3;2.5;4.9;1.5;2
39;6.1;2.8;4.7;1.2;2
40;6.1;3;4.6;1.4;2
41;6.4;2.8;5.6;2.2;2
42;6;3;4.8;1.8;2
43;6.8;3.2;5.9;2.3;2
44;4.9;3.1;1.5;0.1;2
45;5.2;3.4;1.4;0.2;2
46;5.7;2.8;4.5;1.3;2
47;6.3;3.3;4.7;1.6;2
48;6.6;2.9;4.6;1.3;2
49;6.1;2.9;4.7;1.4;2
50;5.8;2.7;4.1;1;1
51;6.6;3;4.4;1.4;1
52;6.3;2.3;4.4;1.3;1
53;5.8;2.7;5.1;1.9;1
54;7.1;3;5.9;2.1;1
55;7.9;3.8;6.4;2;1
56;6.9;3.1;5.1;2.3;1
57;6.7;3.3;5.7;2.5;1
58;5.1;3.8;1.5;0.3;1
59;4.8;3.4;1.9;0.2;1
60;5;3.4;1.6;0.4;1
61;5;3.2;1.2;0.2;1
62;5.5;3.5;1.3;0.2;1
63;4.5;2.3;1.3;0.3;1
64;5.5;2.3;4;1.3;1
65;6;3.4;4.5;1.6;1
66;6.5;3;5.8;2.2;1
67;6.8;3;5.5;2.1;1
68;5.8;2.8;5.1;2.4;1
69;6.9;3.2;5.7;2.3;1
70;6.7;3.3;5.7;2.1;1
71;6.4;2.8;5.6;2.1;1
72;7.4;2.8;6.1;1.9;1
73;6.9;3.1;5.4;2.1;1
74;4.9;3;1.4;0.2;1
75;4.3;3;1.1;0.1;1
76;5.2;3.5;1.5;0.2;1
77;5.2;4.1;1.5;0.1;1
78;6.7;3.1;4.4;1.4;1
79;7.6;3;6.6;2.1;1
80;6.4;2.7;5.3;1.9;1
81;7.2;3;5.8;1.6;1
82;6.3;3.4;5.6;2.4;1
83;5.7;4.4;1.5;0.4;1
84;4.6;3.6;1;0.2;1
85;5.1;3.3;1.7;0.5;1
86;4.4;3.2;1.3;0.2;1
87;5;3.3;1.4;0.2;1
88;7;3.2;4.7;1.4;1
89;5.6;2.9;3.6;1.3;1
90;7.7;2.8;6.7;2;1
91;5.8;2.7;5.1;1.9;1
92;5.4;3.9;1.7;0.4;1
93;5.1;3.7;1.5;0.4;1
94;5.5;4.2;1.4;0.2;1
95;5.6;2.5;3.9;1.1;1
96;5.9;3.2;4.8;1.8;1
97;5.7;2.6;3.5;1;1
98;4.9;2.5;4.5;1.7;1
99;6.1;2.6;5.6;1.4;1
100;6.7;3.1;5.6;2.4;3
101;4.7;3.2;1.3;0.2;3
102;5.4;3.4;1.7;0.2;3
103;5.1;3.4;1.5;0.2;3
104;5.1;3.8;1.6;0.2;3
105;6.2;2.2;4.5;1.5;3
106;5.8;2.7;3.9;1.2;3
107;6;2.7;5.1;1.6;3
108;5.1;2.5;3;1.1;3
109;6;2.2;5;1.5;3
110;5;3.4;1.5;0.2;3
111;4.8;3;1.4;0.1;3
112;4.7;3.2;1.6;0.2;3
113;4.9;3.1;1.5;0.2;3
114;5;3.5;1.3;0.3;3
115;5.1;3.8;1.9;0.4;3
116;5.3;3.7;1.5;0.2;3
117;6.1;2.8;4;1.3;3
118;5;2.3;3.3;1;3
119;5.7;2.9;4.2;1.3;3
120;6.3;2.9;5.6;1.8;3
121;7.2;3.6;6.1;2.5;3
122;7.7;2.6;6.9;2.3;3
123;7.2;3.2;6;1.8;3
124;5.4;3.7;1.5;0.2;3
125;5.8;4;1.2;0.2;3
126;5.9;3;4.2;1.5;3
127;5.4;3;4.5;1.5;3
128;5.6;2.7;4.2;1.3;3
129;6.2;2.8;4.8;1.8;3
130;6.7;3;5.2;2.3;3
131;6.2;3.4;5.4;2.3;3
132;5.4;3.4;1.5;0.4;3
133;4.9;3.6;1.4;0.1;3
134;6.9;3.1;4.9;1.5;3
135;6;2.9;4.5;1.5;3
136;6.3;3.3;6;2.5;3
137;7.3;2.9;6.3;1.8;3
138;6.5;3;5.5;1.8;3
139;6.3;2.8;5.1;1.5;3
140;5;3;1.6;0.2;3
141;4.8;3;1.4;0.3;3
142;4.6;3.2;1.4;0.2;3
143;6.7;3;5;1.7;3
144;5.5;2.4;3.7;1;3
145;5.5;2.6;4.4;1.2;3
146;5.8;2.6;4;1.2;3
147;5.7;2.8;4.1;1.3;3
148;7.7;3.8;6.7;2.2;3
149;6.4;3.1;5.5;1.8;3
