"V1";"V2";"V3";"V4";"V5";"V6";"V7";"sil"
0.384803885123581;0.952332032052599;0.844424701568482;0.669584947663591;0.778824484565851;0.0913417138386997;0.265329845975007;0.777832542203263
0.412569158262636;0.952332032052599;0.859959116517924;0.682087992708032;0.713437059529608;-0.219644619940771;0.265329845975007;0.713903856952904
0.416988637281129;0.952332032052599;0.857299126543751;0.540611325297285;0.774995779184594;0.111038777649597;0.265329845975007;0.773433589270323
0.421403833863728;0.952332032052599;0.872565323527488;0.569800520680678;0.781296995435419;0.0851733179862104;0.279976447827733;0.779220005874234
0.430327727319819;0.952332032052599;0.857299126543751;0.540611325297285;0.761281831197429;0.0926740493240153;0.265329845975007;0.758704797859988
0.434838619511277;0.952332032052599;0.857299126543751;0.540611325297285;0.755104383444278;0.112549421294579;0.0608368272439463;0.754115886823202
0.460189323300858;0.952332032052599;0.873517074640721;0.686160941731692;0.782249751074536;-0.142817809943362;0.265329845975007;0.7818934384023
0.47209977768007;0.952332032052599;0.841000285924484;0.669584947663591;0.778824484565851;0.123976948416971;0.265329845975007;0.778114968819827
0.497619226475941;0.952332032052599;0.841000285924484;0.692852254760837;0.772574797546844;0.112415572104385;0.0608368272439463;0.772475578417993
0.503390697929236;0.952332032052599;0.818792801698546;0.614797416324134;0.681394990625994;0.0366625576531541;0.287474836745716;0.682141010066939
0.505307430940302;0.952332032052599;0.844424701568482;0.661910265840076;0.72136224717658;-0.0124484473556522;0.287474836745716;0.721944036954593
0.52299373223046;0.952332032052599;0.854248883602178;0.631000646336447;0.750582264721415;0.116238322823514;0.265329845975007;0.750702519990018
-0.563356329880016;-0.563577586206896;-0.524645242070117;-0.81855591464761;-0.262697659978874;-0.588903971897247;-0.406032196385616;-0.254753495485872
0.525009891872331;0.952332032052599;0.859959116517924;0.682087992708032;0.757437887599225;-0.0364532470703129;0.279976447827733;0.757689812308872
0.525009891872331;0.952332032052599;0.859959116517924;0.682087992708032;0.749738724675768;-0.132610752448798;0.279976447827733;0.750016379312055
0.525009891872331;0.952332032052599;0.873137323676284;0.654345448166264;0.780814720056288;-0.142817809943362;0.279976447827733;0.779993620688075
0.53076684534621;0.952332032052599;0.854248883602178;0.646560288720829;0.768962617861438;0.0646042314324193;0.287474836745716;0.76896641913913
0.538528157463095;0.952332032052599;0.859959116517924;0.68986009943346;0.781296995435419;-0.142817809943362;0.177596596951436;0.780868137969858
0.54047095338092;0.952332032052599;0.844424701568482;0.669584947663591;0.762686248453628;-0.0124484473556522;0.265329845975007;0.762903193333717
0.544321713086953;0.952332032052599;0.859959116517924;0.686441638519257;0.763941776140177;0.100686706531275;0.279976447827733;0.764237399001024
0.544321713086953;0.952332032052599;0.841000285924484;0.669584947663591;0.752496280453625;0.127362058764053;0.287474836745716;0.752675615421225
0.544321713086953;0.952332032052599;0.852287638703334;0.432637571157495;0.727342561192349;-0.132610752448798;0.265329845975007;0.727618248148731
0.555484268140483;0.442989460236346;0.846238568988041;0.682087992708032;0.155997850804323;0.127233829182684;0.265329845975007;0.177609984398695
0.561187250761008;0.952332032052599;0.873517074640721;0.675805361076578;0.696904459379684;-0.158020019531252;0.0608368272439463;0.697557870976013
0.561187250761008;0.952332032052599;0.859959116517924;0.631000646336447;0.696904459379684;-0.0124484473556522;0.0608368272439463;0.69762695529051
0.563029564299972;0.952332032052599;0.873517074640721;0.692852254760837;0.780814720056288;0.0646042314324193;0.279976447827733;0.78052379200269
0.563029564299972;0.952332032052599;0.818792801698546;0.614797416324134;0.705309951423157;0.112415572104385;-0.0890647743813683;0.705782236193202
0.563029564299972;0.952332032052599;0.775775044437812;0.612968295023832;0.751468248026335;-0.522888713496448;0.279976447827733;0.749890119111669
0.563029564299972;0.952332032052599;0.849571475903254;0.542692377004866;0.782966688030647;-0.153194639630596;0.279976447827733;0.78125618781682
0.563029564299972;0.952332032052599;0.87205167735344;0.690637293469709;0.782621460203342;-0.153194639630596;0.279976447827733;0.782455697692929
0.563029564299972;0.952332032052599;0.873137323676284;0.692047116791131;0.753810218656033;-0.114969135802468;0.279976447827733;0.753572579732058
0.567764463616273;0.952332032052599;0.873517074640721;0.65905344949376;0.734160553376497;-0.158020019531252;0.177596596951436;0.734539320111078
0.577404752490192;0.952332032052599;0.826167842496425;0.631000646336447;0.68312351178192;-0.0490187087307421;0.287474836745716;0.683932605505192
0.57902309993581;0.952332032052599;0.791528251642259;0.68986009943346;0.635040775159049;0.095290089364273;-0.482427581601135;0.636059309235505
0.57902309993581;0.952332032052599;0.842146381745392;0.542692377004866;0.695402474217109;-0.126964164594167;0.265329845975007;0.69643169139941
0.583668987563864;0.952332032052599;0.873137323676284;0.654345448166264;0.782134618323627;-0.135642076502733;0.287474836745716;0.781469701150987
0.58674886479269;0.952332032052599;0.873137323676284;0.692852254760837;0.78258281721479;-0.135642076502733;0.177596596951436;0.782394301581652
0.588261530075002;0.952332032052599;0.873517074640721;0.669584947663591;0.768003331290132;-0.0364532470703129;0.287474836745716;0.768201462620906
0.589737242464093;0.952332032052599;0.872565323527488;0.674555714646677;0.783077892845317;-0.0784370433511925;0.265329845975007;0.783085652803154
0.591175336320543;0.952332032052599;0.873137323676284;0.692852254760837;0.78280202411326;-0.464973163057559;0.177596596951436;0.782690321483227
0.592575129921307;0.952332032052599;0.859959116517924;0.686441638519257;0.755104383444278;-0.0620868021547505;0.287474836745716;0.755411717772138
0.592575129921307;0.952332032052599;0.844424701568482;0.669584947663591;0.752496280453625;-0.120652548209367;0.177596596951436;0.752783296228969
0.593879912270107;0.952332032052599;0.866308117655513;0.542692377004866;0.743215918851974;0.095290089364273;0.279976447827733;0.743349303476621
0.593879912270107;0.952332032052599;0.871203605768345;0.692852254760837;0.779288781351537;0.0366625576531541;0.279976447827733;0.778966545696992
0.59631083272054;0.952332032052599;0.872565323527488;0.682087992708032;0.782310177551502;0.095290089364273;0.265329845975007;0.782116615927618
0.597491812017836;0.952332032052599;0.87205167735344;0.690637293469709;0.782394873182663;-0.158020019531252;0.287474836745716;0.782298475746402
0.599782647547835;0.952332032052599;0.873517074640721;0.626282000475549;0.773411758427999;-0.069829587099926;-0.0890647743813683;0.773341296504117
0.599782647547835;0.952332032052599;0.841000285924484;0.692852254760837;0.743769560074943;0.0279834109470765;-0.0890647743813683;0.744202373919498
0.599782647547835;0.952332032052599;0.642837896235288;0.492351961229744;0.662154729654127;-0.464973163057559;0.177596596951436;0.660428096495277
0.604874585103032;0.952332032052599;0.859959116517924;0.577057042339803;0.695200876196305;0.0753407415398999;-0.322982846251588;0.695808309433933
0.604874585103032;0.952332032052599;0.859959116517924;0.577057042339803;0.695200876196305;0.0702997409040132;-0.227690972222222;0.695811735298896
0.604874585103032;0.952332032052599;0.873137323676284;0.692047116791131;0.783058513500887;-0.170000461424881;0.287474836745716;0.783046650152107
0.60575269129837;0.952332032052599;0.852287638703334;0.103486854372553;0.618715329923359;-0.138750535561267;0.287474836745716;0.620881374709641
0.606581891302501;0.952332032052599;0.814843100212415;0.569800520680678;0.755104383444278;0.127362058764053;0.0608368272439463;0.754351729377849
0.607361216961284;-0.577784503631961;0.417970474860669;-0.443605743424584;0.233614892448377;-0.696207791154891;0.265329845975007;0.234830760699987
0.609576013045157;0.952332032052599;0.871203605768345;0.690637293469709;0.757201381900259;0.0279834109470765;0.287474836745716;0.757482881971774
0.609576013045157;0.952332032052599;0.87205167735344;0.693511478556138;0.772035505497952;0.0444784652694039;0.265329845975007;0.771913591438344
0.61020936020692;0.952332032052599;0.872565323527488;0.682087992708032;0.771708247545116;0.0868349211655243;0.287474836745716;0.771877816208634
0.610788458401385;0.952332032052599;0.871203605768345;0.690637293469709;0.77656285520381;-0.120652548209367;0.265329845975007;0.776442282847191
0.61131218943623;0.952332032052599;0.873517074640721;0.692852254760837;0.780179080623151;-0.103309614924659;0.265329845975007;0.780074828382641
0.611779404175276;0.952332032052599;0.859959116517924;0.682087992708032;0.749738724675768;-0.0855000000000006;0.279976447827733;0.750106863474921
0.611779404175276;0.952332032052599;0.841000285924484;0.692852254760837;0.756295366642056;0.0444784652694039;-0.227690972222222;0.756550887302654
0.611779404175276;0.952332032052599;0.833553089345911;0.638725617167108;0.759218824328797;0.120081327018918;-0.354900568181818;0.759279736826644
0.611779404175276;0.952332032052599;0.787719585785592;0.669584947663591;0.708954776251986;0.1159485297694;-0.354900568181818;0.709175504658481
0.611779404175276;0.952332032052599;0.709471527003021;0.286050275110584;0.57440737552724;-0.186991783838728;0.279976447827733;0.574984447277985
0.611779404175276;0.952332032052599;0.775775044437812;0.612968295023832;0.771008054427386;-0.693616437778199;0.279976447827733;0.768823213031658
0.61186788579959;0.952332032052599;0.854248883602178;0.693656797321063;0.737399417773623;-0.182733420593368;0.177596596951436;0.737998605751714
0.611892951314872;0.952332032052599;0.841000285924484;0.669584947663591;0.762899570511695;0.123976948416971;0.177596596951436;0.763133779331935
0.611812997083842;0.952332032052599;0.849571475903254;0.692047116791131;0.601934919425394;0.10404527723463;0.287474836745716;0.604710222493708
0.611706112912514;0.952332032052599;0.873517074640721;0.686441638519257;0.768003331290132;0.10967368037315;-0.0890647743813683;0.76828729028903
0.611706112912514;0.952332032052599;0.854248883602178;0.693656797321063;0.756295366642056;-0.135642076502733;0.0608368272439463;0.756622824737365
0.61121965009266;0.952332032052599;0.849571475903254;0.690637293469709;0.67113656278875;0.0753407415398999;0.265329845975007;0.672593781024056
0.610257332399992;0.952332032052599;0.859959116517924;0.686441638519257;0.751135332139263;0.0786487910543864;0.279976447827733;0.751495741082961
0.610257332399992;0.952332032052599;0.818792801698546;0.682087992708032;0.758559417269171;-0.0620868021547505;-0.354900568181818;0.758556960238394
0.610257332399992;0.952332032052599;0.818792801698546;0.682087992708032;0.745305582843921;0.120081327018918;-0.354900568181818;0.745442209791183
0.610257332399992;0.952332032052599;0.806971657565885;0.569800520680678;0.646294055786613;-0.0020637503012775;-0.354900568181818;0.647189329271986
0.610257332399992;0.952332032052599;0.787719585785592;0.669584947663591;0.687596942736269;0.120081327018918;-0.482427581601135;0.688163464965861
0.610257332399992;0.952332032052599;0.852287638703334;0.637943026724578;0.516064806064421;0.127362058764053;0.279976447827733;0.521272729946845
0.610257332399992;0.952332032052599;0.866308117655513;0.597333823357445;0.64916188458665;-0.0364532470703129;0.279976447827733;0.651374805582143
0.60944384655367;0.952332032052599;0.873137323676284;0.690637293469709;0.780960206311521;-0.153194639630596;0.0608368272439463;0.780910660745917
0.607639641533271;-0.577784503631961;0.700662929540198;0.686160941731692;-0.261939076825976;0.128310329299586;0.287474836745716;-0.237348901354153
0.605637435273768;0.952332032052599;0.873517074640721;0.654345448166264;0.769149434440739;0.0444784652694039;-0.0890647743813683;0.769305698474883
0.605637435273768;0.952332032052599;0.872565323527488;0.674555714646677;0.783058513500887;-0.176397362282432;-0.0890647743813683;0.783122404969109
0.59961056290311;0.952332032052599;0.873517074640721;0.686441638519257;0.78282647626301;-0.0020637503012775;0.0608368272439463;0.78270473281153
0.59961056290311;0.952332032052599;0.872565323527488;0.682087992708032;0.755104383444278;-0.0124484473556522;-0.0890647743813683;0.755323307685633
0.59961056290311;0.952332032052599;0.850971858734966;0.686160941731692;0.771708247545116;-0.153194639630596;-0.482427581601135;0.771731453019836
0.59961056290311;0.952332032052599;0.818792801698546;0.692852254760837;0.773248617028854;0.128234769057426;-0.482427581601135;0.772811782826735
0.59961056290311;0.952332032052599;0.691627510651248;0.682087992708032;-0.381093560952201;0.110169132296216;0.265329845975007;-0.354302839881757
0.59961056290311;0.952332032052599;0.775775044437812;0.612968295023832;0.746692819271758;-0.544448716305695;0.287474836745716;0.745312422100803
0.59961056290311;0.952332032052599;0.86763108948466;0.65905344949376;0.78282647626301;-0.138750535561267;-0.0890647743813683;0.782363256424721
0.597824439849213;0.952332032052599;0.873517074640721;0.669584947663591;0.748359995631187;0.120016878888272;0.287474836745716;0.747856504733283
0.595933956166638;0.952332032052599;0.854248883602178;0.646560288720829;0.711844669855507;-0.114969135802468;0.265329845975007;0.712477846639528
0.595933956166638;0.952332032052599;0.781704368123002;0.492351961229744;0.526221957023206;-0.103309614924659;0.265329845975007;0.529753936954099
0.589610151809743;0.952332032052599;0.873517074640721;0.686441638519257;0.781654786009486;0.00749877978435295;0.0608368272439463;0.781507858195471
0.589610151809743;0.952332032052599;0.872565323527488;0.693656797321063;0.705309951423157;-0.657267358110054;-0.227690972222222;0.705879118091953
0.577529739828363;0.952332032052599;0.873517074640721;0.626282000475549;0.781899362240024;-0.0020637503012775;-0.354900568181818;0.781699362428805
0.577529739828363;0.952332032052599;0.872565323527488;0.674555714646677;0.742215581864867;-0.153194639630596;-0.0890647743813683;0.742497891193467
0.577529739828363;0.952332032052599;0.872565323527488;0.690637293469709;0.78308170903952;-0.0620868021547505;-0.322982846251588;0.783185697841071
0.577529739828363;0.952332032052599;0.857299126543751;0.692852254760837;0.741271415450412;-0.170000461424881;-0.227690972222222;0.741803969002786
0.577529739828363;0.952332032052599;0.857299126543751;0.692852254760837;0.741271415450412;-0.182733420593368;-0.322982846251588;0.741794894443905
0.577529739828363;0.952332032052599;0.841000285924484;0.569800520680678;0.765988503170058;0.105820082404329;-0.227690972222222;0.765434384804379
0.577529739828363;0.952332032052599;0.77596300284932;0.547694084646481;0.718830124919401;0.128234769057426;-0.416195856873823;0.718481242675385
0.577529739828363;0.952332032052599;0.775775044437812;0.612968295023832;0.681361143936637;-0.0620868021547505;0.279976447827733;0.681762343510477
-0.571086742332153;0.563577586206896;-0.333010605993927;0.316924996716143;-0.634373044079309;-0.642203699939012;-0.177596596951436;-0.626346189213632
0.557779457194755;0.952332032052599;0.642837896235288;0.492351961229744;0.569584570338582;-0.0620868021547505;0.177596596951436;0.569246400667235
0.546887989424479;0.952332032052599;0.734815818364439;0.65905344949376;-0.357666251179965;0.123594556263014;0.287474836745716;-0.33039551312371
0.543033220991815;0.952332032052599;0.873517074640721;0.65905344949376;0.783039869844375;-0.132610752448798;-0.464795524691358;0.782941565921403
0.543033220991815;0.952332032052599;0.872565323527488;0.432637571157495;0.772430851879822;0.0444784652694039;-0.464795524691358;0.772029605749632
0.543033220991815;0.952332032052599;0.872565323527488;0.690637293469709;0.78282647626301;-0.0124484473556522;-0.227690972222222;0.782804453135112
0.543033220991815;0.952332032052599;0.857299126543751;0.690637293469709;0.780814720056288;-0.153194639630596;-0.354900568181818;0.780474860168782
0.543033220991815;0.952332032052599;0.642837896235288;0.492351961229744;0.561500436856723;-0.0020637503012775;0.265329845975007;0.561391299017504
0.543033220991815;0.952332032052599;0.742843770129431;0.492351961229744;0.776713975725988;-0.103309614924659;-0.482427581601135;0.77326451253393
0.543033220991815;0.952332032052599;0.849571475903254;0.667217472519578;0.61046933023131;0.112415572104385;0.279976447827733;0.613286518699396
0.543033220991815;0.952332032052599;0.859097706395292;0.492351961229744;0.780570821965989;-0.182733420593368;-0.482427581601135;0.778780886567615
0.543033220991815;0.952332032052599;0.866308117655513;0.542692377004866;0.62668072533966;0.128310329299586;0.279976447827733;0.629455441546478
0.543033220991815;0.952332032052599;0.87205167735344;0.581124580508184;0.713479479309466;-0.103309614924659;-0.227690972222222;0.71479763405848
0.538216710871648;0.952332032052599;0.585782202227115;-0.10718043135192;0.413482518666912;-0.158020019531252;0.265329845975007;0.415003854513643
0.517632965288302;0.952332032052599;0.781704368123002;0.324866649733299;0.659505998796919;-0.170000461424881;0.0608368272439463;0.660076648970571
0.512137953150737;0.952332032052599;0.846238568988041;0.65905344949376;0.569584570338582;-0.132610752448798;0.177596596951436;0.573132313522162
0.50062315025506;0.952332032052599;0.734815818364439;0.693656797321063;-0.305429109255052;0.0835054121828662;0.177596596951436;-0.278186091911853
0.50062315025506;0.952332032052599;0.775775044437812;0.612968295023832;0.700636907923877;-0.0855000000000006;0.287474836745716;0.700675895227639
0.50062315025506;0.952332032052599;0.852287638703334;0.244641992694627;0.769938889644496;-0.142817809943362;0.0608368272439463;0.768946407035531
0.488048576850095;0.952332032052599;0.872565323527488;0.542692377004866;0.781296995435419;-0.153194639630596;-0.482427581601135;0.780526670805625
0.488048576850095;0.952332032052599;0.872565323527488;0.542692377004866;0.781296995435419;-0.153194639630596;-0.476821671736926;0.780492216328038
0.488048576850095;0.952332032052599;0.872565323527488;0.542692377004866;0.777320975151051;-0.0020637503012775;-0.464795524691358;0.776864393822447
0.488048576850095;0.952332032052599;0.872565323527488;0.631000646336447;0.708301248571442;0.120081327018918;-0.482427581601135;0.708765656904559
0.488048576850095;0.952332032052599;0.642837896235288;0.492351961229744;0.155997850804323;0.0646042314324193;0.279976447827733;0.167454380669996
0.488048576850095;0.952332032052599;0.642837896235288;0.492351961229744;0.498387158830414;0.095290089364273;0.279976447827733;0.499720901989009
0.488048576850095;0.952332032052599;0.742843770129431;0.581124580508184;0.42738791423002;-0.0942467485549144;0.279976447827733;0.432521754557651
0.488048576850095;0.952332032052599;0.866308117655513;0.542692377004866;0.597508272207368;0.112415572104385;0.279976447827733;0.600891518537854
0.488048576850095;0.952332032052599;0.873479250074957;0.626282000475549;0.782737580583545;-0.114969135802468;-0.227690972222222;0.78268254813518
-0.473156515943017;0.563577586206896;-0.333010605993927;0.316924996716143;-0.538275885451077;-0.434268681262206;-0.177596596951436;-0.531694380842893
-0.560118547473789;0.867330016583748;0.53197642086531;-0.59175642087821;0.122816941776315;-0.553339548760022;-0.432494438264739;0.128265792010744
0.457834033540283;0.952332032052599;0.642837896235288;0.612968295023832;0.601934919425394;-0.0124484473556522;0.287474836745716;0.601196998123565
0.44982416618935;0.952332032052599;0.742843770129431;0.693511478556138;0.656125812382962;-0.311218147917961;-0.227690972222222;0.656051159997877
0.44153731203281;0.952332032052599;0.742843770129431;0.542692377004866;0.305049011067933;0.0982212070159472;0.265329845975007;0.314105064040144
0.406081055952071;0.952332032052599;0.873517074640721;0.492351961229744;0.77656285520381;-0.103309614924659;-0.416195856873823;0.776161592598854
0.406081055952071;0.952332032052599;0.873517074640721;0.667217472519578;0.778004901076892;0.0823763326591484;-0.227690972222222;0.777963156521359
0.406081055952071;0.952332032052599;0.872565323527488;0.674555714646677;0.769938889644496;-0.153194639630596;-0.354900568181818;0.769898364414083
0.406081055952071;0.952332032052599;0.872565323527488;0.690637293469709;0.77656285520381;0.100686706531275;-0.0890647743813683;0.776434173802902
0.406081055952071;0.952332032052599;0.872565323527488;0.526269993197171;0.745305582843921;0.1159485297694;-0.416195856873823;0.744513199716862
0.406081055952071;0.952332032052599;0.872565323527488;0.526269993197171;0.708630370013471;0.122609061147651;-0.476821671736926;0.708575471291049
0.406081055952071;0.952332032052599;0.870447505775648;0.68986009943346;0.783071361733563;0.095290089364273;-0.464795524691358;0.782853321452555
0.406081055952071;0.952332032052599;0.859959116517924;0.692852254760837;0.746796320680735;0.122609061147651;-0.482427581601135;0.747057402874505
0.406081055952071;0.952332032052599;0.818792801698546;0.682087992708032;0.749156190783634;-0.103309614924659;-0.354900568181818;0.749123590521423
0.406081055952071;0.952332032052599;0.585782202227115;0.432637571157495;0.641897299711138;-0.153194639630596;0.279976447827733;0.639533138569975
0.406081055952071;0.952332032052599;0.842146381745392;0.65905344949376;0.719628492007605;-0.0020637503012775;-0.354900568181818;0.720366998604685
0.406081055952071;0.952332032052599;0.846238568988041;-0.28998613998614;0.780537031428798;-0.61652943677761;-0.476821671736926;0.776641410751452
0.406081055952071;0.952332032052599;0.859097706395292;0.690637293469709;0.779167775307451;-0.182733420593368;-0.354900568181818;0.778722752106534
0.406081055952071;0.952332032052599;0.871203605768345;0.398657935160482;0.744630856068679;-0.103309614924659;-0.354900568181818;0.744761033748803
0.384021447721178;0.952332032052599;0.585782202227115;0.432637571157495;0.614633453859193;-0.158020019531252;0.287474836745716;0.612595656778705
0.348602843411664;0.952332032052599;0.742843770129431;0.518289417803793;0.473615608798045;-0.0784370433511925;-0.0890647743813683;0.477608492238397
0.348602843411664;0.952332032052599;0.842146381745392;0.286050275110584;0.769938889644496;-0.103309614924659;-0.0890647743813683;0.768801320190754
0.335990975141737;-0.577784503631961;0.417970474860669;-0.328220957011259;0.252009473626232;-0.600139945078157;0.287474836745716;0.25380265898944
0.335990975141737;0.442989460236346;0.137836269169178;0.680601272767171;-0.571015390162367;0.126180114470302;0.177596596951436;-0.559920984365839
0.295525129969623;0.952332032052599;0.742843770129431;0.542692377004866;0.516064806064421;-0.110378305004722;0.0608368272439463;0.518939322966572
-0.281225814076732;0.563577586206896;-0.18002257722437;0.245099517490953;-0.166030327094202;0.0124484473556522;-0.279976447827733;-0.164988202217583
0.281225814076732;0.952332032052599;0.873053586167123;0.65905344949376;0.780915756906628;0.0444784652694039;-0.464795524691358;0.780529564205912
0.281225814076732;0.952332032052599;0.857299126543751;0.693656797321063;0.78159824872;-0.0020637503012775;-0.322982846251588;0.780961344606606
0.281225814076732;0.952332032052599;0.742843770129431;0.432637571157495;0.651282258997184;-0.135642076502733;-0.227690972222222;0.651427547871946
0.281225814076732;0.952332032052599;0.742843770129431;0.690637293469709;0.67113656278875;0.0444784652694039;-0.354900568181818;0.670927714555123
0.281225814076732;0.952332032052599;0.846238568988041;-0.316924996716143;0.568595885513494;-0.353678803444629;-0.322982846251588;0.570235075238832
0.281225814076732;0.952332032052599;0.859097706395292;0.648795789410186;0.781833902304424;0.0366625576531541;-0.227690972222222;0.781239950113497
0.281225814076732;0.952332032052599;0.864723999954314;0.324866649733299;0.781157948382077;-0.182733420593368;-0.482427581601135;0.779953531282585
0.281225814076732;0.952332032052599;0.868877183420378;0.562681089434035;0.56759599042535;0.0753407415398999;-0.476821671736926;0.571563589764882
0.281225814076732;0.952332032052599;0.873267525971389;0.324866649733299;0.74994910232757;0.0753407415398999;-0.476821671736926;0.749813728661725
0.199027092544161;0.952332032052599;0.873517074640721;0.631000646336447;0.783039869844375;0.107001154801866;-0.227690972222222;0.782254113884584
0.199027092544161;0.952332032052599;0.642837896235288;0.542692377004866;0.492346410657408;-0.0620868021547505;-0.0890647743813683;0.493856477151181
0.162452097672687;0.952332032052599;0.642837896235288;0.492351961229744;0.0416055253734322;0.126180114470302;0.265329845975007;0.0578794899739355
0.143265127985663;-0.577784503631961;0.691627510651248;-0.368674733672997;0.195867911427523;-0.219644619940771;0.287474836745716;0.205911968568522
-0.102963418195449;0.563577586206896;0.238409989267297;-0.648795789410186;-0.0208423640886802;-0.0786487910543864;0.227690972222222;-0.0174380756674519
0.102963418195449;0.952332032052599;0.857299126543751;0.690637293469709;0.778531780414755;-0.103309614924659;-0.354900568181818;0.778331117715352
0.102963418195449;0.952332032052599;0.742843770129431;0.432637571157495;0.313453886988905;-0.0124484473556522;0.279976447827733;0.322071670014197
0.102963418195449;0.952332032052599;0.781704368123002;0.286050275110584;0.536118751521819;-0.353678803444629;-0.322982846251588;0.539171764573145
0.102963418195449;0.952332032052599;0.846238568988041;-0.245099517490953;0.57913904931809;-0.182733420593368;-0.416195856873823;0.581152290536671
0.102963418195449;0.952332032052599;0.849571475903254;0.244641992694627;0.701147556907048;-0.132610752448798;-0.354900568181818;0.701893254040033
0.102963418195449;0.952332032052599;0.852287638703334;0.244641992694627;0.669250280382777;0.0444784652694039;-0.322982846251588;0.670487674670474
0.102963418195449;0.952332032052599;0.859097706395292;0.690637293469709;0.782917898208331;-0.103309614924659;-0.416195856873823;0.782000022686201
0.102963418195449;0.952332032052599;0.864723999954314;0.324866649733299;0.750870661946274;-0.132610752448798;-0.476821671736926;0.750646585345943
0.102963418195449;0.952332032052599;0.864723999954314;0.324866649733299;0.774316470613407;-0.103309614924659;-0.464795524691358;0.773539522626258
0.102963418195449;0.952332032052599;0.87205167735344;0.492351961229744;0.729096227902454;-0.153194639630596;-0.476821671736926;0.729709418288209
-0.0807711520863632;-0.867330016583748;0.538381147540984;-0.492351961229744;0.173278751933987;-0.105820082404329;-0.177596596951436;0.189281430063869
0.0807711520863632;0.952332032052599;0.852287638703334;0.244641992694627;0.739461313113429;-0.135642076502733;0.0608368272439463;0.739150694628421
0.0580555493286086;0.952332032052599;0.642837896235288;0.597333823357445;0.329844221932124;0.0786487910543864;0.0608368272439463;0.335437941960287
0.0345410968560571;0.711646221414509;0.78385525523923;0.103486854372553;0.733355668803042;-0.61652943677761;0.265329845975007;0.730814523969391
0.0146583862394804;0.563577586206896;-0.333010605993927;0.245099517490953;-0.510197659166707;-0.508102835205638;-0.287474836745716;-0.504644207780752
-0.0857131347131691;0.952332032052599;0.585782202227115;-0.10718043135192;0.48619686680343;0.017988682904239;0.0608368272439463;0.485975531084475
-0.272507591093117;0.867330016583748;0.53197642086531;-0.35302677532014;0.239822155373811;-0.589786069987189;-0.398617511520737;0.245322710098634
0.131015268515269;0.563577586206896;0.201189296333003;-0.324866649733299;-0.244646766227866;0.0620868021547505;-0.0924257590924257;-0.236725428324384
-0.131015268515269;0.952332032052599;0.872565323527488;0.584253088065405;0.778140713359461;0.0943396226415098;-0.464795524691358;0.776389848586984
-0.131015268515269;0.952332032052599;0.742843770129431;0.626282000475549;0.598404149844936;0.0444784652694039;-0.322982846251588;0.599493264989245
-0.131015268515269;0.952332032052599;0.742843770129431;0.674555714646677;0.636659299432477;0.10967368037315;-0.322982846251588;0.637132406479115
-0.131015268515269;0.952332032052599;0.842146381745392;0.581124580508184;0.781833902304424;-0.182733420593368;-0.482427581601135;0.780423952895141
-0.131015268515269;0.952332032052599;0.849571475903254;0.244641992694627;0.692170466904021;-0.153194639630596;-0.464795524691358;0.692973226821619
-0.131015268515269;0.952332032052599;0.849571475903254;0.542692377004866;0.14160249236732;0.0444784652694039;-0.322982846251588;0.163858376803612
-0.131015268515269;0.952332032052599;0.86105999050893;0.324866649733299;0.54474897368297;-0.132610752448798;-0.322982846251588;0.549289051617691
0.239060419440746;0.563577586206896;0.612418168903223;-0.492351961229744;0.135036558068603;-0.0786487910543864;0.227690972222222;0.144232246921595
0.259089785831959;0.563577586206896;0.606461136385635;0.245099517490953;0.176749775669786;0.0784370433511925;-0.287474836745716;0.198938171522951
-0.278461350293543;0.952332032052599;0.742843770129431;0.542692377004866;0.270149031458968;0.0646042314324193;0.177596596951436;0.280632608341185
0.301444508009153;0.563577586206896;0.590740324032403;0.10718043135192;0.213222479528255;0.153194639630596;0.227690972222222;0.225704496857831
-0.301444508009153;-0.563577586206896;-0.619003510140406;-0.544444444444445;-0.508439961772807;-0.347462871287128;-0.406032196385616;-0.494399965525484
0.301444508009153;0.563577586206896;0.56092128600844;-0.103486854372553;0.249495023881162;0.110378305004722;0.227690972222222;0.262538292518436
0.301444508009153;0.563577586206896;0.201189296333003;-0.324866649733299;-0.364487183610459;0.103309614924659;-0.28211053341036;-0.354934003828153
-0.334547655211696;-0.577784503631961;0.691627510651248;0.244641992694627;0.391764564425783;-0.153194639630596;-0.0890647743813683;0.396417867873666
-0.334547655211696;0.952332032052599;0.742843770129431;0.693511478556138;0.738287562078852;0.120081327018918;-0.482427581601135;0.736281417202119
-0.334547655211696;0.952332032052599;0.842146381745392;0.581124580508184;0.743215918851974;-0.0620868021547505;-0.464795524691358;0.743027280261424
-0.334547655211696;0.952332032052599;0.846238568988041;0.199246264973754;0.166030327094202;-0.153194639630596;-0.322982846251588;0.18622742044635
-0.334547655211696;0.952332032052599;0.846238568988041;0.686160941731692;0.689411222909982;0.095290089364273;-0.464795524691358;0.690488949961297
-0.334547655211696;0.952332032052599;0.871203605768345;0.362779156327543;0.748684612719826;-0.0020637503012775;-0.416195856873823;0.748633170687632
-0.403240122595134;0.952332032052599;0.846238568988041;-0.316924996716143;0.420496309310885;-0.0855000000000006;0.0608368272439463;0.427058877748043
0.314972527472527;0.563577586206896;0.606461136385635;0.316924996716143;0.247668377233141;0.110378305004722;-0.177596596951436;0.258354973695388
-0.419611214560308;0.952332032052599;0.846238568988041;-0.245099517490953;0.630566026389234;-0.565034557415273;-0.0890647743813683;0.631439378759472
-0.419611214560308;0.711646221414509;0.822485318064329;-0.245099517490953;0.516064806064421;-0.353678803444629;-0.0890647743813683;0.520470178331067
-0.481449590730921;0.952332032052599;0.781704368123002;0.324866649733299;0.687154234916054;-0.138750535561267;0.0608368272439463;0.68714764089704
0.328975785340314;0.563577586206896;0.606461136385635;0.245099517490953;0.0408898056735003;0.132610752448798;0.256310096153846;0.0541022532684335
0.328975785340314;0.563577586206896;0.238409989267297;-0.597333823357445;-0.640398927576858;0.0620868021547505;-0.28211053341036;-0.626345448953073
0.328975785340314;0.563577586206896;0.220218709455345;-0.492351961229744;-0.590207571198161;0.132610752448798;-0.28211053341036;-0.576667786245448
0.328975785340314;0.563577586206896;-0.597556798119641;0.167956528898403;-0.709565539415205;0.0732361963190182;-0.0924257590924257;-0.705225367697216
-0.496194721825963;0.952332032052599;0.742843770129431;0.693511478556138;0.740988059037101;0.128234769057426;-0.416195856873823;0.738881456156597
-0.496194721825963;0.952332032052599;0.842146381745392;0.581124580508184;0.781342200329602;-0.0020637503012775;-0.464795524691358;0.779952370225501
-0.496194721825963;0.952332032052599;0.849571475903254;0.562681089434035;0.0949966611431256;0.128234769057426;-0.464795524691358;0.120025694484908
0.332732479784366;0.563577586206896;0.238409989267297;-0.597333823357445;0.105922317631511;-0.017988682904239;-0.0608368272439463;0.10638484130373
0.33609375;0.563577586206896;0.606461136385635;0.10718043135192;0.198889654832833;0.0784370433511925;-0.0608368272439463;0.218126637823681
0.33609375;0.563577586206896;0.56092128600844;0.245099517490953;0.209836252947687;-0.00749877978435295;-0.177596596951436;0.227311250317263
0.337217912552891;0.563577586206896;0.606461136385635;0.10718043135192;0.169621320191934;-0.0366625576531541;0.0890647743813683;0.193988399898812
0.337217912552891;0.563577586206896;0.56092128600844;-0.103486854372553;0.165991784037559;-0.05696472137242;-0.0608368272439463;0.192969591160903
0.337217912552891;0.563577586206896;0.238409989267297;-0.324866649733299;0.254375226695684;-0.100686706531275;-0.0608368272439463;0.252425994921858
-0.583261326172499;0.442989460236346;0.798128902620833;-0.0263527429320352;0.36913136252258;-0.069829587099926;0.0608368272439463;0.377158782648378
-0.337814349112426;0.867330016583748;-0.0796511627906977;0.0173571519067528;-0.041703007518797;0.461715084356593;-0.342702012136698;-0.0357289132057765
0.337814349112426;0.563577586206896;0.612418168903223;-0.492351961229744;0.244011146600613;-0.100686706531275;-0.177596596951436;0.257397857829992
0.337814349112426;0.563577586206896;0.238409989267297;-0.542692377004866;0.0856609044155416;-0.0504834080598854;-0.287474836745716;0.0867550152845376
0.337814349112426;0.563577586206896;0.238409989267297;-0.597333823357445;-0.124791314598109;0.0784370433511925;-0.0608368272439463;-0.118221459779934
0.336992211362248;-0.867330016583748;0.524645242070117;0.245099517490953;0.25099810775405;-0.192096597145994;0.256310096153846;0.255566770967397
0.336992211362248;0.563577586206896;0.612418168903223;-0.103486854372553;-0.226134428976502;0.0620868021547505;0.256310096153846;-0.205903382159849
0.336992211362248;0.563577586206896;0.56092128600844;-0.103486854372553;-0.0461225421361898;-0.0823763326591484;0.227690972222222;0.0096054656083043
0.336992211362248;0.563577586206896;0.201189296333003;-0.324866649733299;0.166382473624275;0.0020637503012775;0.127976190476191;0.165523190203128
-0.613820954496152;-0.577784503631961;0.585782202227115;-0.384981776010603;0.403469332684818;-0.353678803444629;-0.416195856873823;0.403598811236477
-0.613820954496152;0.952332032052599;0.872565323527488;0.542692377004866;0.774135191245589;0.120081327018918;-0.416195856873823;0.77373050059524
-0.613820954496152;0.952332032052599;0.742843770129431;0.492351961229744;0.738287562078852;0.128234769057426;-0.464795524691358;0.736266043816558
-0.613820954496152;0.952332032052599;0.803372063598269;0.0176039585117519;-0.246570111090212;-0.0855000000000006;-0.227690972222222;-0.217705230174867
-0.613820954496152;0.952332032052599;0.862934843845213;0.463293881024213;0.644108736305906;-0.182733420593368;-0.416195856873823;0.646191230622923
0.335163769015834;-0.867330016583748;0.538381147540984;0.245099517490953;0.207248384676814;0.103309614924659;-0.0608368272439463;0.216404236803707
0.332919034090909;0.563577586206896;0.238409989267297;-0.597333823357445;-0.0707521017253637;-0.100686706531275;-0.177596596951436;-0.065474761543844
-0.321612821380244;0.867330016583748;0.200949511549347;0.0480480480480481;0.131937400921105;0.332662417533266;-0.342702012136698;0.134317221855846
0.321612821380244;0.563577586206896;0.612418168903223;-0.492351961229744;0.252067560895326;-0.05696472137242;-0.0608368272439463;0.264700710788497
-0.315500175192712;0.867330016583748;-0.0259623095429029;0.189255189255189;-0.169621320191934;0.332662417533266;-0.342702012136698;-0.1510350178371
0.315500175192712;-0.867330016583748;0.487903930131004;0.35302677532014;0.00584486242810509;0.132610752448798;-0.177596596951436;0.0265973545539754
0.315500175192712;0.563577586206896;0.606461136385635;0.10718043135192;0.0776638809088534;-0.123976948416971;-0.0608368272439463;0.112275971053907
0.311965240641711;0.563577586206896;0.56092128600844;-0.492351961229744;0.198294348179734;-0.113885998381315;-0.265329845975007;0.22009220050642
0.307896407837446;0.563577586206896;0.590740324032403;-0.542692377004866;0.233529604371782;0.103309614924659;-0.257712827650197;0.244999244338483
0.307896407837446;0.563577586206896;0.590740324032403;-0.103486854372553;0.239858813904122;0.132610752448798;-0.257712827650197;0.249709175807966
0.307896407837446;0.563577586206896;0.612418168903223;-0.492351961229744;0.251992339531723;-0.0444784652694039;0.256310096153846;0.264623628536149
0.307896407837446;0.563577586206896;0.612418168903223;-0.103486854372553;-0.25016192626455;0.0620868021547505;0.127976190476191;-0.22969801443581
-0.307896407837446;-0.563577586206896;-0.619003510140406;-0.642634160844359;-0.684137957975147;0.405525563671007;0.257712827650197;-0.665126760786659
0.307896407837446;0.563577586206896;0.56092128600844;-0.324866649733299;0.24422075103104;0.0620868021547505;0.256310096153846;0.258197067319848
0.307896407837446;0.563577586206896;0.56092128600844;-0.103486854372553;-0.0214158679011048;-0.0823763326591484;0.0890647743813683;0.0308383943249054
-0.691705574585895;-0.577784503631961;0.585782202227115;-0.195030361137744;0.195867911427523;-0.103309614924659;-0.227690972222222;0.203242134058246
-0.691705574585895;0.952332032052599;0.842146381745392;0.597333823357445;0.767570462902947;0.10967368037315;-0.416195856873823;0.766859390379586
-0.691705574585895;0.952332032052599;0.846238568988041;-0.275577087489313;0.308435234454772;-0.103309614924659;-0.416195856873823;0.319815296193245
-0.691705574585895;0.952332032052599;0.849571475903254;0.542692377004866;-0.40310864577658;0.109178645430144;-0.227690972222222;-0.367728404015604
-0.691705574585895;0.711646221414509;0.78385525523923;0.244641992694627;0.762586505586372;-0.353678803444629;-0.464795524691358;0.759812502122735
0.281761098130841;0.563577586206896;0.56092128600844;0.245099517490953;-0.0103073485194155;-0.113885998381315;-0.0608368272439463;0.0382390965823929
-0.274171955573185;0.867330016583748;0.552485964699705;0.298880275624462;0.261515046508626;0.405525563671007;-0.398617511520737;0.271043506311197
0.274171955573185;0.563577586206896;0.590740324032403;-0.199246264973754;0.0872604923731004;-0.120081327018918;0.0890647743813683;0.114693988528103
0.274171955573185;0.563577586206896;0.590740324032403;0.245099517490953;-0.0389309397297119;0.0364532470703129;0.227690972222222;7.77014294078495e-05
-0.248664082145852;0.867330016583748;0.200949511549347;-0.110241820768137;0.201407820906717;-0.467147819837087;-0.398617511520737;0.198147380773989
-0.240156850192061;0.867330016583748;-0.0796511627906977;0.0173571519067528;-0.252326331306431;0.642041564522185;-0.342702012136698;-0.23917817725599
0.240156850192061;0.563577586206896;0.55054347826087;0.368674733672997;0.180037598776447;0.126964164594167;-0.0608368272439463;0.190899629911359
-0.231510642919201;0.867330016583748;0.200949511549347;0.298880275624462;-0.161418950850662;0.639708214398985;0.28211053341036;-0.135700192124942
-0.231510642919201;0.867330016583748;0.0119564851301741;-0.246625964010283;-0.105627215439149;0.614864684352542;0.28211053341036;-0.0950819401306403
-0.231510642919201;-0.563577586206896;-0.55054347826087;-0.565600717274357;-0.346153604137892;0.192096597145994;0.257712827650197;-0.3272476116659
0.231510642919201;0.563577586206896;0.590740324032403;-0.542692377004866;0.229186867987256;0.153194639630596;-0.257712827650197;0.238871737515683
0.231510642919201;0.563577586206896;0.590740324032403;-0.542692377004866;8.41610559295047e-05;0.0020637503012775;-0.0924257590924257;0.0199020726466085
0.231510642919201;0.563577586206896;0.590740324032403;-0.674555714646677;0.0378441405542475;-0.1159485297694;0.227690972222222;0.0756188988547496
0.231510642919201;0.563577586206896;0.590740324032403;0.10718043135192;0.144103894009836;0.0620868021547505;0.256310096153846;0.16460479851332
0.231510642919201;0.563577586206896;0.612418168903223;-0.103486854372553;0.238092986515954;0.103309614924659;-0.257712827650197;0.251564622909371
0.231510642919201;0.563577586206896;0.612418168903223;-0.103486854372553;-0.166030327094202;0.0620868021547505;-0.0924257590924257;-0.146487643658541
-0.231510642919201;-0.563577586206896;-0.619003510140406;-0.642634160844359;-0.556727046070118;-0.427826251896813;0.0924257590924257;-0.542010986549083
0.231510642919201;0.563577586206896;0.56092128600844;-0.324866649733299;-0.170690404140805;-0.120081327018918;0.256310096153846;-0.109801924256152
0.231510642919201;0.563577586206896;0.56092128600844;0.10718043135192;-0.00274888326617316;0.0020637503012775;0.127976190476191;0.0458932598938464
0.231510642919201;0.563577586206896;0.56092128600844;0.10718043135192;0.199518295916563;0.0020637503012775;-0.0924257590924257;0.205963539877373
0.231510642919201;0.563577586206896;0.220218709455345;-0.244641992694627;-0.448822431063474;0.103309614924659;-0.28211053341036;-0.437739989470282
-0.739161957964128;-0.577784503631961;0.368182629515421;0.244641992694627;0.0840804450671377;-0.153194639630596;-0.322982846251588;0.0897656043612169
-0.739161957964128;0.952332032052599;0.846238568988041;-0.275577087489313;0.190005558719776;-0.153194639630596;-0.464795524691358;0.20779016186386
-0.739161957964128;0.711646221414509;0.78385525523923;0.492351961229744;0.780695708921091;-0.353678803444629;-0.416195856873823;0.777611151410432
0.196975714934181;0.563577586206896;0.606461136385635;-0.449673679516802;0.154781779155736;-0.240984318837144;-0.0608368272439463;0.164522920626818
0.184245391705068;-0.867330016583748;0.0796511627906977;0.269529609407812;-0.122816941776315;-0.240984318837144;-0.177596596951436;-0.114219514537638
0.184245391705068;0.563577586206896;0.56092128600844;-0.597333823357445;0.139331963556733;-0.00749877978435295;-0.287474836745716;0.170803832386699
0.170069021993449;-0.867330016583748;-0.200949511549347;-0.0480480480480481;-0.30632540905765;-0.0895809304113804;-0.0608368272439463;-0.297711413200107
0.170069021993449;-0.867330016583748;0.0259623095429029;-0.189255189255189;-0.228551915453886;-0.529714338201525;0.0890647743813683;-0.221045303673552
0.170069021993449;-0.867330016583748;0.0259623095429029;-0.0480480480480481;-0.32653462564967;-0.405525563671007;0.227690972222222;-0.307710965682204
0.170069021993449;0.563577586206896;0.55054347826087;-0.324866649733299;0.253300054621594;-0.0868349211655243;0.227690972222222;0.260502657049403
0.170069021993449;0.563577586206896;0.590740324032403;0.245099517490953;0.0918260161207341;0.0124484473556522;0.0890647743813683;0.116312400080262
0.0778080628803247;-0.867330016583748;0.0259623095429029;0.246625964010283;-0.207030240372189;0.110378305004722;-0.177596596951436;-0.196476700191821
-0.0778080628803247;0.867330016583748;-0.0440476190476191;0.298880275624462;0.0712642618770571;0.642098791705091;0.202450570871623;0.0737170356777088
-0.0778080628803247;0.867330016583748;-0.0796511627906977;0.0480480480480481;-0.15163247385647;0.611732110442342;0.28211053341036;-0.136867231042181
0.0778080628803247;-0.867330016583748;0.538381147540984;0.245099517490953;-0.301749537851974;-0.120081327018918;0.0890647743813683;-0.264106604867336
0.0778080628803247;0.563577586206896;0.590740324032403;-0.103486854372553;0.223628385446937;0.103309614924659;-0.257712827650197;0.235517281003696
0.0778080628803247;0.563577586206896;0.606461136385635;0.245099517490953;-0.243559605289618;-0.1159485297694;0.256310096153846;-0.192529569753117
-0.754075713556594;-0.577784503631961;0.493160563508242;-0.407169402291731;-0.230777213423809;-0.311218147917961;0.0608368272439463;-0.215801076953358
0.0570959855892971;-0.867330016583748;-0.53197642086531;-0.36151333430842;-0.319313570053945;0.135642076502733;-0.177596596951436;-0.312935104526389
0.0336209461469798;0.867330016583748;0.535549827042986;-0.0159090909090909;0.267823358715924;0.332662417533266;-0.398617511520737;0.273411628316871
0.0336209461469798;0.867330016583748;0.53197642086531;0.487404859717843;0.316531798704974;0.600844367683745;-0.301136363636364;0.313339446332689
-0.76285046728972;-0.577784503631961;0.417970474860669;-0.368674733672997;-0.698702100386441;0.017988682904239;-0.227690972222222;-0.657546007704797
-0.777982168917014;-0.577784503631961;0.493160563508242;-0.446963047485298;-0.517437163277483;-0.0784370433511925;0.0608368272439463;-0.499356204615215
0.133263312008657;0.867330016583748;0.571405594303344;0.384088232144769;0.32656438508269;0.553953376592165;0.0924257590924257;0.333742451548244
0.133263312008657;0.867330016583748;0.571405594303344;0.487404859717843;0.32667394163239;0.641195151986518;-0.311789772727273;0.335212524866896
0.133263312008657;0.867330016583748;0.571405594303344;0.475126601131963;0.259284640130965;0.642098791705091;-0.256310096153846;0.263966597086232
-0.133263312008657;-0.867330016583748;-0.535549827042986;-0.277777777777778;-0.32270768259496;0.153194639630596;0.0890647743813683;-0.315538520236475
-0.133263312008657;-0.867330016583748;-0.200949511549347;-0.298880275624462;-0.291184846678588;0.153194639630596;0.256310096153846;-0.281393570588669
-0.133263312008657;-0.867330016583748;-0.200949511549347;-0.298880275624462;-0.324238125940254;-0.405525563671007;0.227690972222222;-0.313347354256358
0.133263312008657;0.867330016583748;-0.0440476190476191;0.298880275624462;-0.163676689958389;0.614864684352542;0.28211053341036;-0.144330675641199
-0.133263312008657;-0.867330016583748;0.0796511627906977;-0.0480480480480481;-0.318030052569659;0.0732361963190182;0.127976190476191;-0.301426471461749
-0.133263312008657;0.563577586206896;0.55054347826087;0.245099517490953;-0.0237003325748294;-0.095290089364273;0.127976190476191;0.00902404128714649
-0.133263312008657;0.563577586206896;0.590740324032403;0.10718043135192;-0.238043417601429;-0.10967368037315;0.256310096153846;-0.195545646648589
-0.133263312008657;0.563577586206896;0.590740324032403;-0.103486854372553;-0.167961057639119;-0.0444784652694039;0.127976190476191;-0.121322405215905
-0.133263312008657;0.563577586206896;0.590740324032403;-0.103486854372553;0.240924755571215;-0.095290089364273;-0.0924257590924257;0.250669799287458
-0.133263312008657;0.563577586206896;0.56092128600844;0.10718043135192;0.15927945010666;0.103309614924659;-0.257712827650197;0.186215629626116
0.225366028923022;0.867330016583748;0.571405594303344;0.477592546515164;0.323851400086759;0.585170171438224;-0.311789772727273;0.331560626246728
0.225366028923022;0.867330016583748;0.535549827042986;0.108196721311475;0.300440138057693;-0.207829925650558;-0.398617511520737;0.304283886864749
0.225366028923022;0.867330016583748;0.53197642086531;0.475126601131963;0.322013295346629;0.642522122871469;-0.311789772727273;0.324716249594795
-0.225366028923022;-0.867330016583748;-0.200949511549347;-0.189255189255189;-0.317857185439544;-0.0895809304113804;0.0890647743813683;-0.308134854438997
-0.225366028923022;-0.867330016583748;0.0440476190476191;0.368674733672997;-0.270352715594977;0.0201740506329131;0.227690972222222;-0.255053221220665
0.297168086841587;0.867330016583748;0.521100630067344;0.462430055955236;0.322123190002558;0.585882352941176;0.28211053341036;0.332319310240918
0.297168086841587;0.867330016583748;0.571405594303344;0.298880275624462;0.153786104605777;0.553953376592165;0.28211053341036;0.17812763253995
0.297168086841587;0.867330016583748;0.570707785165276;0.477592546515164;0.212855193306611;0.492378784743775;0.28211053341036;0.234925348831645
0.297168086841587;0.867330016583748;0.568295676984838;0.475126601131963;-0.0487851318658343;0.585882352941176;0.28211053341036;0.00297316188163912
0.297168086841587;0.867330016583748;0.53197642086531;0.449673679516802;0.0926885434657456;0.642098791705091;0.28211053341036;0.11596966614615
-0.297168086841587;-0.867330016583748;-0.53197642086531;-0.189255189255189;-0.304892644417022;0.0732361963190182;0.256310096153846;-0.298540545599079
0.297168086841587;0.867330016583748;0.53197642086531;0.189255189255189;0.306848250237085;0.405525563671007;0.0924257590924257;0.310245824810164
-0.297168086841587;-0.867330016583748;-0.200949511549347;-0.298880275624462;-0.317080760208722;-0.192096597145994;-0.202450570871623;-0.308289765993173
0.297168086841587;0.867330016583748;0.200949511549347;0.298880275624462;0.165333274235608;0.529714338201525;0.0924257590924257;0.168131199926592
0.297168086841587;0.867330016583748;0.200949511549347;0.298880275624462;-0.186828193832599;0.639708214398985;0.0924257590924257;-0.1611956886026
-0.297168086841587;-0.867330016583748;0.0440476190476191;-0.298880275624462;-0.235185068591856;-0.529714338201525;-0.202450570871623;-0.22779476429321
-0.297168086841587;-0.867330016583748;0.0796511627906977;0.246625964010283;-0.32541995403606;0.135642076502733;0.0890647743813683;-0.302341594135777
-0.297168086841587;0.563577586206896;0.55054347826087;0.245099517490953;-0.127312148519547;-0.120081327018918;0.256310096153846;-0.0875713128869284
-0.297168086841587;0.563577586206896;0.590740324032403;-0.693511478556138;0.164469728655827;-0.1159485297694;0.256310096153846;0.186439151925731
-0.297168086841587;0.563577586206896;0.590740324032403;-0.693511478556138;0.255562558630394;-0.128234769057426;0.256310096153846;0.264234949855267
-0.297168086841587;0.563577586206896;0.590740324032403;-0.103486854372553;0.220780818066814;-0.0444784652694039;0.127976190476191;0.233024098882326
0.33942090064778;0.867330016583748;0.535549827042986;0.327751937984496;0.32653462564967;0.461715084356593;-0.301136363636364;0.325155635725448
0.371911227280428;0.867330016583748;0.470861816025221;0.400680195836604;0.30854780536957;0.585882352941176;0.28211053341036;0.317525171700879
0.371911227280428;0.867330016583748;0.470861816025221;0.400680195836604;-0.256072210065646;0.585882352941176;0.28211053341036;-0.185963553309031
0.371911227280428;0.867330016583748;0.472841946719383;0.414205592814841;0.32035575598146;0.522051738195834;0.28211053341036;0.329773353300534
0.371911227280428;0.867330016583748;0.500400898917008;0.427486900193918;0.32482724439566;0.492378784743775;0.28211053341036;0.334718869141332
0.371911227280428;0.867330016583748;0.571405594303344;0.486841201126915;0.29979567969493;0.642098791705091;0.257712827650197;0.306294470454238
0.371911227280428;0.867330016583748;0.571405594303344;0.486841201126915;0.315772529048497;0.614864684352542;0.202450570871623;0.322128686476731
0.371911227280428;0.867330016583748;0.535549827042986;0.340527942443127;0.32048753887194;0.192096597145994;0.257712827650197;0.322268424837601
0.371911227280428;0.867330016583748;0.535549827042986;0.340527942443127;0.316252261348816;0.405525563671007;0.202450570871623;0.319264749728783
-0.371911227280428;-0.867330016583748;-0.535549827042986;-0.256371814092953;-0.261201429724432;-0.192096597145994;0.256310096153846;-0.258107581632455
0.371911227280428;0.867330016583748;0.53197642086531;0.449673679516802;0.326197653806637;0.614864684352542;0.257712827650197;0.326511040259918
0.371911227280428;0.867330016583748;0.452094717668488;0.41048151104017;-0.00143566055990763;0.462436319081705;0.28211053341036;0.0297927199537814
-0.371911227280428;-0.867330016583748;-0.200949511549347;-0.298880275624462;-0.30112150645473;-0.192096597145994;0.127976190476191;-0.288663340733033
-0.371911227280428;-0.867330016583748;-0.200949511549347;-0.298880275624462;-0.326388543857615;0.153194639630596;-0.0924257590924257;-0.313659335893167
-0.371911227280428;-0.867330016583748;-0.200949511549347;-0.298880275624462;-0.309777839360769;-0.405525563671007;-0.257712827650197;-0.302241071055783
-0.371911227280428;-0.867330016583748;-0.200949511549347;-0.298880275624462;-0.305596895016489;0.0732361963190182;-0.202450570871623;-0.298678133214161
-0.371911227280428;-0.867330016583748;0.0440476190476191;-0.298880275624462;-0.326391944077822;0.103309614924659;0.127976190476191;-0.308134920218766
0.371911227280428;0.867330016583748;-0.0440476190476191;0.298880275624462;0.0712642618770571;0.642098791705091;0.0924257590924257;0.0737329372499078
-0.371911227280428;-0.867330016583748;0.0796511627906977;-0.0480480480480481;-0.265051889601578;0.0620868021547505;0.127976190476191;-0.25360734456917
-0.371911227280428;-0.867330016583748;0.0796511627906977;0.0490608007909047;-0.296668517135984;0.153194639630596;-0.0924257590924257;-0.282649307840565
0.36948411962324;0.867330016583748;0.500400898917008;0.427486900193918;0.246893390257111;0.639708214398985;0.0924257590924257;0.254302206516588
0.36948411962324;0.867330016583748;0.571405594303344;0.477592546515164;0.309176999317844;0.529714338201525;0.202450570871623;0.316169399322068
-0.36948411962324;-0.867330016583748;-0.571405594303344;-0.486841201126915;-0.179647908063255;-0.614864684352542;-0.257712827650197;-0.182224921606961
0.36948411962324;0.867330016583748;0.571405594303344;0.475126601131963;0.244862998436662;0.614864684352542;0.257712827650197;0.248706641143269
0.36948411962324;0.867330016583748;0.571405594303344;0.298880275624462;0.29979567969493;0.614864684352542;0.0924257590924257;0.303869136774614
0.36948411962324;0.867330016583748;0.552485964699705;0.486841201126915;0.195782369086156;0.639708214398985;0.0924257590924257;0.213006180468278
-0.36948411962324;-0.867330016583748;-0.552485964699705;-0.475126601131963;-0.261768938671475;-0.405525563671007;-0.0924257590924257;-0.261566067930975
-0.36948411962324;-0.867330016583748;-0.535549827042986;-0.391696584737181;-0.318842093223331;-0.405525563671007;-0.0924257590924257;-0.313286443342811
0.36948411962324;0.867330016583748;0.53197642086531;0.486841201126915;0.310718748368993;0.405525563671007;0.0924257590924257;0.316239826163363
0.36948411962324;0.867330016583748;0.53197642086531;0.449673679516802;0.326670737063102;0.614864684352542;0.202450570871623;0.324144976558399
-0.36948411962324;-0.867330016583748;-0.53197642086531;-0.36151333430842;-0.290303706196645;-0.192096597145994;-0.202450570871623;-0.287443342452526
-0.36948411962324;-0.867330016583748;-0.53197642086531;-0.298880275624462;-0.253152351283192;0.153194639630596;0.127976190476191;-0.250470109167419
0.36948411962324;0.867330016583748;0.53197642086531;0.189255189255189;0.300701248069669;0.614864684352542;-0.301136363636364;0.304795780127033
0.36948411962324;0.867330016583748;0.53197642086531;0.189255189255189;0.280119250201169;0.405525563671007;0.0924257590924257;0.285678955691033
0.36948411962324;0.867330016583748;0.200949511549347;0.298880275624462;0.261515046508626;0.332662417533266;-0.301136363636364;0.258098232741222
0.36948411962324;0.867330016583748;0.200949511549347;0.298880275624462;0.149059851990967;-0.0732361963190182;-0.301136363636364;0.152303673751011
-0.36948411962324;-0.867330016583748;-0.0119564851301741;0.246625964010283;-0.310229896720198;0.0732361963190182;-0.202450570871623;-0.295075316563559
-0.36948411962324;-0.867330016583748;0.0796511627906977;-0.0480480480480481;-0.325471350132263;0.0620868021547505;-0.202450570871623;-0.303950857779012
-0.36948411962324;-0.867330016583748;0.0796511627906977;0.246625964010283;-0.223205882144803;0.132610752448798;0.227690972222222;-0.211534823263227
0.36948411962324;0.867330016583748;-0.0796511627906977;-0.269529609407812;-0.254646096389827;0.614864684352542;-0.256310096153846;-0.244212545664344
0.31643310764709;0.867330016583748;0.470861816025221;0.400680195836604;0.208341700592098;0.639708214398985;0.0924257590924257;0.214562430580019
0.31643310764709;0.867330016583748;0.521100630067344;0.462430055955236;0.20817390061736;0.642098791705091;0.0924257590924257;0.213003443079895
-0.31643310764709;-0.867330016583748;-0.571405594303344;-0.460149610308229;-0.215020940176989;-0.529714338201525;-0.0924257590924257;-0.217634808311646
-0.31643310764709;-0.867330016583748;-0.568295676984838;-0.487404859717843;-0.20759914567254;-0.642098791705091;-0.257712827650197;-0.208899797525815
-0.31643310764709;-0.867330016583748;-0.53197642086531;-0.487404859717843;-0.290953405017921;-0.529714338201525;-0.0924257590924257;-0.289952016061265
-0.31643310764709;-0.867330016583748;-0.53197642086531;-0.41048151104017;-0.301326696413634;-0.192096597145994;-0.202450570871623;-0.297063675236851
0.275515266314888;0.867330016583748;0.521100630067344;0.441330842451739;0.266160814069761;0.639708214398985;0.202450570871623;0.27422793862679
-0.275515266314888;-0.867330016583748;-0.571405594303344;-0.298880275624462;-0.200251896581151;0.0732361963190182;-0.0924257590924257;-0.201965679844443
0.275515266314888;0.867330016583748;0.53197642086531;0.487404859717843;0.0620347585654487;0.639708214398985;0.0924257590924257;0.0913706951957694
-0.275515266314888;-0.867330016583748;-0.200949511549347;-0.437002219610915;-0.316209216501955;-0.192096597145994;-0.28211053341036;-0.304780245767572
0.23986411154396;0.867330016583748;0.552485964699705;0.427486900193918;0.269657017292443;-0.0732361963190182;0.28211053341036;0.271500889431648
-0.23986411154396;-0.867330016583748;-0.0119564851301741;-0.457613891327675;-0.31702303945793;0.132610752448798;-0.28211053341036;-0.302247630826385
-0.210206758843265;-0.867330016583748;0.0440476190476191;-0.471304717834158;-0.247367101530048;-0.10967368037315;-0.28211053341036;-0.24044477053382
