"V1";"V2";"V3";"V4";"V5";"V6";"V7";"sil"
0.343359056601777;0.960664682539683;0.816405042729514;0.630653051103447;0.785105149536875;0.125656565656567;0.0128915934189769;0.782731236461967
0.371266557272961;0.960664682539683;0.835356424464036;0.641797699513815;0.707408748868143;-0.329077429983524;0.0128915934189769;0.707562165992918
0.375720422859844;0.960664682539683;0.83233156048097;0.491110159138147;0.78196554215951;0.0699398517275129;0.0128915934189769;0.778716896296505
0.38014580954511;0.960664682539683;0.847585087739978;0.523110770017907;0.786516813300699;0.049846624161147;0.0635058861473956;0.7822962507567
0.38905403500292;0.960664682539683;0.83233156048097;0.491110159138147;0.709656151471632;0.0561021947154322;0.0128915934189769;0.70482304048686
0.39353841883325;0.960664682539683;0.83233156048097;0.491110159138147;0.760974411922799;0.0722053653132978;-0.131411951348493;0.758752369630001
0.418790869073847;0.960664682539683;0.847585816075009;0.607338387990622;0.786080598853901;0.0488173125314525;0.0128915934189769;0.784734082145221
0.430719971599832;0.960664682539683;0.812076441933942;0.630653051103447;0.785105149536875;0.112776907585589;0.0128915934189769;0.783208999150362
0.456434461327657;0.960664682539683;0.812076441933942;0.647261345852895;0.779833452117484;0.12470235570261;-0.131411951348493;0.778983020566782
0.462274248822438;0.960664682539683;0.783477837078843;0.571979172670855;0.665679623428932;0.1314058547163;0.0513436249285306;0.666305952119771
0.464202587608088;0.960664682539683;0.816405042729514;0.62266657867529;0.717623155191987;0.129205737529438;0.0513436249285306;0.71796561159772
0.481982522320606;0.960664682539683;0.828636554297194;0.589833704439229;0.755418857607702;0.121282988225741;0.0128915934189769;0.75499627185684
-0.484008297481651;0.569672131147541;0.244272202395884;-0.392922963509031;0.660417029056279;-0.130880898698627;-0.0635058861473956;0.639352271841376
0.484008297481651;0.960664682539683;0.835356424464036;0.641797699513815;0.763685399042905;0.124371499283574;0.0635058861473956;0.763450485560628
0.484008297481651;0.960664682539683;0.835356424464036;0.641797699513815;0.754361513219184;0.128746140583023;0.0635058861473956;0.754174055191697
0.484008297481651;0.960664682539683;0.834476987800457;0.614794767704105;0.786410448842016;0.0488173125314525;0.0635058861473956;0.784307427477872
0.489786413830606;0.960664682539683;0.828636554297194;0.60651767915224;0.776291139188697;0.127820844099914;0.0513436249285306;0.775650429713171
0.497542623736998;0.960664682539683;0.835356424464036;0.646562273669489;0.786516813300699;0.0488173125314525;-0.0604913049977577;0.785067587373951
0.499472087748775;0.960664682539683;0.816405042729514;0.630653051103447;0.76957877693917;0.129205737529438;0.0128915934189769;0.769293644549126
0.503264243179382;0.960664682539683;0.835356424464036;0.645008880130404;0.770951791940371;0.124655199132187;0.0635058861473956;0.770783810646394
0.503264243179382;0.960664682539683;0.812076441933942;0.630653051103447;0.757794496017915;0.107260277240952;0.0513436249285306;0.757448747841029
0.503264243179382;0.960664682539683;0.765380081359732;0.0707349665924276;0.613030651901353;0.128746140583023;0.0128915934189769;0.613212699949662
-0.513934173204499;-0.214978902953587;-0.749524753256229;-0.641797699513815;0.603866363089498;-0.0932308156188757;-0.0128915934189769;0.565447043451302
0.519730931059243;0.960664682539683;0.847585816075009;0.636224949726094;0.685935305775291;-0.094886922320551;-0.131411951348493;0.686388579121069
0.519730931059243;0.960664682539683;0.835356424464036;0.589833704439229;0.685935305775291;0.129205737529438;-0.131411951348493;0.68651528866456
0.521566484517304;0.960664682539683;0.847585816075009;0.647261345852895;0.786410448842016;0.127820844099914;0.0635058861473956;0.785192275464976
0.521566484517304;0.960664682539683;0.783477837078843;0.571979172670855;0.69688669642158;0.12470235570261;-0.143388697152718;0.697071835836953
0.521566484517304;0.960664682539683;0.595209368346345;0.42944266698266;0.681343858983861;-0.490664919751065;0.0635058861473956;0.677867678544459
0.521566484517304;0.960664682539683;0.757825908678206;0.267834351663272;0.784861037303501;-0.0480283114256821;0.0635058861473956;0.781097940881909
0.521566484517304;0.960664682539683;0.82868287949438;0.620473278383409;0.776758304206196;-0.0480283114256821;0.0635058861473956;0.775752151281095
0.521566484517304;0.960664682539683;0.834476987800457;0.627948475198669;0.7594012206627;0.121427670576365;0.0635058861473956;0.758323238352665
0.525878642874972;0.960664682539683;0.847585816075009;0.538041489765628;0.73421919998248;-0.094886922320551;-0.0604913049977577;0.734177172680367
0.534561426843248;0.960664682539683;0.792876614705496;0.589833704439229;0.667933845659352;0.120994450998382;0.0513436249285306;0.668649106622242
0.535999362346565;0.960664682539683;0.748663169144078;0.646562273669489;0.606456585917466;0.12543526894271;-0.439770554493308;0.607465268429308
0.535999362346565;0.960664682539683;0.740560480781668;0.267834351663272;0.519111908345532;0.126618587784705;0.0128915934189769;0.521290527205076
0.539956000755016;0.960664682539683;0.834476987800457;0.614794767704105;0.77410925132996;0.129428897547919;0.0513436249285306;0.772275917504268
0.542525162525162;0.960664682539683;0.834476987800457;0.647261345852895;0.785745740073663;0.129428897547919;-0.0604913049977577;0.784710839514391
0.543755857310922;0.960664682539683;0.847585816075009;0.630653051103447;0.775303580378207;0.124371499283574;0.0513436249285306;0.774976671682027
0.544922384882624;0.960664682539683;0.847585087739978;0.576858058874963;0.780492780520535;0.111507150715072;0.0128915934189769;0.779776030263125
0.546023366974766;0.960664682539683;0.834476987800457;0.647261345852895;0.77795253166054;-0.463507436873054;-0.0604913049977577;0.777065813144581
0.547057385564993;0.960664682539683;0.835356424464036;0.645008880130404;0.760974411922799;0.117038209558985;0.0513436249285306;0.760824264166573
0.547057385564993;0.960664682539683;0.816405042729514;0.630653051103447;0.757794496017915;0.124568590937306;-0.0604913049977577;0.757626282131871
0.547939536951541;0.960664682539683;0.807938244590323;0.267834351663272;0.657749182788427;0.12543526894271;0.0635058861473956;0.657541488695473
0.547939536951541;0.960664682539683;0.82517573740368;0.647261345852895;0.763333283705788;0.1314058547163;0.0635058861473956;0.76208808224927
0.549404154607478;0.960664682539683;0.847585087739978;0.641797699513815;0.786034162560805;0.12543526894271;0.0128915934189769;0.785000409991493
0.550067473552465;0.960664682539683;0.82868287949438;0.620473278383409;0.775469890576374;-0.094886922320551;0.0513436249285306;0.774585450264415
0.551250931544767;0.960664682539683;0.847585816075009;0.460662928634092;0.780598912210624;0.114191419141915;-0.143388697152718;0.779737597326308
0.551250931544767;0.960664682539683;0.812076441933942;0.647261345852895;0.746733911534477;0.131092368496109;-0.143388697152718;0.746797225406808
0.551250931544767;0.960664682539683;0.342975361924388;0.172348647488192;0.41555027048453;-0.463507436873054;-0.0604913049977577;0.412757002327845
0.553022089464174;0.960664682539683;0.835356424464036;0.530973112953404;0.683711828343672;0.127912752402548;-0.303951367781155;0.684132339144261
0.553022089464174;0.960664682539683;0.835356424464036;0.530973112953404;0.683711828343672;0.128091619865654;-0.158064516129032;0.684137254936137
0.553022089464174;0.960664682539683;0.834476987800457;0.627948475198669;0.780121360246092;-0.183379758588674;0.0513436249285306;0.779385247656349
0.553121027630964;0.960664682539683;0.765380081359732;-0.299093539054966;0.2713115285782;0.0926924963217284;0.0513436249285306;0.278601150833349
0.553130127902533;0.960664682539683;0.77840054936505;0.523110770017907;0.760974411922799;0.107260277240952;-0.131411951348493;0.759120764462041
-0.553047228453387;0.569672131147541;-0.00958186638849045;-0.0507361774648675;0.553802170427073;-0.475724232617438;-0.0128915934189769;0.534331839627884
0.552977171281148;0.960664682539683;0.82517573740368;0.620473278383409;0.69793816512836;0.131092368496109;0.0513436249285306;0.69797735453429
0.552977171281148;0.960664682539683;0.82868287949438;0.639687576275323;0.740610169137716;0.130880898698627;0.0128915934189769;0.73977080807806
0.552762764870577;0.960664682539683;0.847585087739978;0.641797699513815;0.779014226503865;0.125474667478932;0.0513436249285306;0.778622370353617
0.552448910590585;0.960664682539683;0.82517573740368;0.620473278383409;0.754333795006824;0.124568590937306;0.0128915934189769;0.753440432722267
0.552033139096998;0.960664682539683;0.847585816075009;0.647261345852895;0.786028014728042;0.113736192332684;0.0128915934189769;0.785134240934909
0.551512898609812;0.960664682539683;0.835356424464036;0.641797699513815;0.754361513219184;0.111803637957484;0.0635058861473956;0.754318965412784
0.551512898609812;0.960664682539683;0.812076441933942;0.647261345852895;0.762371504355357;0.130880898698627;-0.158064516129032;0.762128520167949
0.551512898609812;0.960664682539683;0.802416573599961;0.598112936639796;0.765705796558492;0.118335278101906;-0.403361344537815;0.765175182662101
0.551512898609812;0.960664682539683;0.743847311454535;0.630653051103447;0.701626679353859;0.07751360240732;-0.403361344537815;0.701385327569523
0.551512898609812;0.960664682539683;0.462041423377768;-0.143903036461121;0.109906560872709;-0.297790994052678;0.0635058861473956;0.116814322052641
0.551512898609812;0.960664682539683;0.595209368346345;0.42944266698266;0.737578429674419;-0.513836772983113;0.0635058861473956;0.732927995240591
0.550393802349111;0.960664682539683;0.828636554297194;0.644138513068017;0.73844605608357;-0.263919333625603;-0.0604913049977577;0.73878404937035
0.549156524637611;0.960664682539683;0.812076441933942;0.630653051103447;0.769814715177892;0.112776907585589;-0.0604913049977577;0.76955341298155
0.546416077409749;0.960664682539683;0.757825908678206;0.627948475198669;0.211970791579275;0.125221707678803;0.0513436249285306;0.223144903606127
0.544908276397127;0.960664682539683;0.847585816075009;0.645008880130404;0.775303580378207;0.125573192239859;-0.143388697152718;0.775108608032975
0.544908276397127;0.960664682539683;0.828636554297194;0.644138513068017;0.762371504355357;0.129428897547919;-0.131411951348493;0.762242937290133
0.541398164421012;0.960664682539683;0.757825908678206;0.620473278383409;0.443971740492722;0.127912752402548;0.0128915934189769;0.4479068303267
0.535574046454021;0.960664682539683;0.835356424464036;0.645008880130404;0.756108075497058;0.126017724111145;0.0635058861473956;0.756047054866006
0.535574046454021;0.960664682539683;0.783477837078843;0.641797699513815;0.764962808897663;0.117038209558985;-0.403361344537815;0.764302476060768
0.535574046454021;0.960664682539683;0.783477837078843;0.641797699513815;0.748713436456702;0.118335278101906;-0.403361344537815;0.748296282813399
0.535574046454021;0.960664682539683;0.768306300540656;0.523110770017907;0.620616662845769;0.130456917398498;-0.403361344537815;0.621480128511613
0.535574046454021;0.960664682539683;0.743847311454535;0.630653051103447;0.673766795717022;0.118335278101906;-0.439770554493308;0.674089706001461
-0.535574046454021;-0.960664682539683;-0.765380081359732;-0.488011210679647;0.108251750198894;-0.107260277240952;-0.0635058861473956;0.0789100820769356
0.535574046454021;0.960664682539683;0.807938244590323;0.392922963509031;0.373846225384204;0.124371499283574;0.0635058861473956;0.379866485683608
0.532990979097911;0.960664682539683;0.834476987800457;0.620473278383409;0.7692368466027;-0.0480283114256821;-0.131411951348493;0.768442496802131
-0.527463633674814;0.569672131147541;-0.445478509957897;-0.607338387990622;0.732741531198133;-0.101417221878792;-0.0513436249285306;0.706694615752112
0.521886324013984;0.960664682539683;0.847585816075009;0.614794767704105;0.776479721298433;0.130880898698627;-0.143388697152718;0.776087129583601
0.521886324013984;0.960664682539683;0.847585087739978;0.576858058874963;0.780121360246092;-0.224627875507442;-0.143388697152718;0.779503039724578
0.50583445755236;0.960664682539683;0.847585816075009;0.645008880130404;0.785399317560391;0.130456917398498;-0.131411951348493;0.784483971521033
0.50583445755236;0.960664682539683;0.847585087739978;0.641797699513815;0.760974411922799;0.129205737529438;-0.143388697152718;0.760677390191075
0.50583445755236;0.960664682539683;0.824554467734046;0.607338387990622;0.779014226503865;-0.0480283114256821;-0.439770554493308;0.778343802913146
0.50583445755236;0.960664682539683;0.783477837078843;0.647261345852895;0.7804534232215;0.104472029361572;-0.439770554493308;0.779024201055587
-0.50583445755236;-0.960664682539683;-0.428754031404485;-0.641797699513815;0.738031608656766;-0.0686737956461229;-0.0128915934189769;0.717209045443352
0.50583445755236;0.960664682539683;0.595209368346345;0.42944266698266;0.667637754235551;-0.497130102040818;0.0513436249285306;0.664536290214637
0.50583445755236;0.960664682539683;0.812508137803105;0.538041489765628;0.785399317560391;0.0926924963217284;-0.143388697152718;0.783839732126207
0.501815951394323;0.960664682539683;0.847585816075009;0.630653051103447;0.672387885135725;0.0816623299931704;0.0513436249285306;0.671213908798302
0.497600866028849;0.960664682539683;0.828636554297194;0.60651767915224;0.705356724418593;0.121427670576365;0.0128915934189769;0.705779920467282
-0.497600866028849;-0.960664682539683;-0.607743854128307;-0.172348647488192;0.0742819531836069;-0.113736192332684;-0.0128915934189769;0.0542148620439822
0.484364742373596;0.960664682539683;0.847585816075009;0.645008880130404;0.78639714256593;0.129703675761766;-0.131411951348493;0.785435106100502
0.484364742373596;0.960664682539683;0.847585087739978;0.644138513068017;0.69688669642158;-0.523822269807279;-0.158064516129032;0.697183530081551
0.459206846698536;0.960664682539683;0.847585816075009;0.460662928634092;0.772963255740778;0.130456917398498;-0.403361344537815;0.77186170907574
0.459206846698536;0.960664682539683;0.847585087739978;0.576858058874963;0.744725136789097;-0.0480283114256821;-0.143388697152718;0.744512747710864
0.459206846698536;0.960664682539683;0.847585087739978;0.620473278383409;0.783303620550775;0.117038209558985;-0.303951367781155;0.782763143895378
0.459206846698536;0.960664682539683;0.83233156048097;0.647261345852895;0.743500541358367;-0.183379758588674;-0.158064516129032;0.743728310801954
0.459206846698536;0.960664682539683;0.83233156048097;0.647261345852895;0.743500541358367;-0.263919333625603;-0.303951367781155;0.743713946607803
0.459206846698536;0.960664682539683;0.812076441933942;0.523110770017907;0.773157658803717;0.0655028233975592;-0.158064516129032;0.771619598573679
0.459206846698536;0.960664682539683;0.728877364015946;0.498832534030906;0.714358310328853;0.104472029361572;-0.4775;0.713257671139971
0.459206846698536;0.960664682539683;0.595209368346345;0.42944266698266;0.475980230407177;0.117038209558985;0.0635058861473956;0.477178637318401
0.446302940194147;-0.590396136163098;-0.088697674702961;-0.44081750559688;0.325276112996526;-0.501875965570516;-0.0604913049977577;0.310819844631478
0.41825388793307;0.960664682539683;0.342975361924388;0.172348647488192;0.0913976943912878;0.117038209558985;-0.0604913049977577;0.0968870090152273
-0.395127480729657;-0.960664682539683;-0.509628396520245;-0.538041489765628;0.746528731196521;-0.0851012319647007;-0.0513436249285306;0.719819831262232
0.387195946343127;0.960664682539683;0.847585816075009;0.538041489765628;0.78435531988439;0.128746140583023;-0.474725274725275;0.783436377969882
0.387195946343127;0.960664682539683;0.847585087739978;0.0707349665924276;0.741787749755022;0.130880898698627;-0.474725274725275;0.740372480417745
0.387195946343127;0.960664682539683;0.847585087739978;0.620473278383409;0.785399317560391;0.129205737529438;-0.158064516129032;0.784627215074573
0.387195946343127;0.960664682539683;0.83233156048097;0.620473278383409;0.786410448842016;-0.0480283114256821;-0.403361344537815;0.785085099718845
0.387195946343127;0.960664682539683;0.342975361924388;0.172348647488192;0.0603240920854547;0.130456917398498;0.0128915934189769;0.0674232222905726
0.387195946343127;0.960664682539683;0.525165903687143;0.172348647488192;0.754817395957808;0.113736192332684;-0.439770554493308;0.74789052736534
0.387195946343127;0.960664682539683;0.757825908678206;0.55847619047619;0.242358432229592;0.12470235570261;0.0635058861473956;0.252271531900378
0.387195946343127;0.960664682539683;0.785533256504671;0.172348647488192;0.786276272251089;-0.263919333625603;-0.439770554493308;0.782396258060019
0.387195946343127;0.960664682539683;0.807938244590323;0.267834351663272;0.2989271918004;0.101417221878792;0.0635058861473956;0.307388579697383
0.387195946343127;0.960664682539683;0.82868287949438;0.355013756613757;0.573302279011737;0.113736192332684;-0.158064516129032;0.575673599353124
-0.37763390999346;-0.960664682539683;-0.250987146943874;0.397371896035299;0.346829613824451;-0.195234512164533;-0.0128915934189769;0.331857594909016
0.337707345602967;0.960664682539683;0.607743854128307;-0.0959498553519769;0.407097720042017;-0.183379758588674;-0.131411951348493;0.408816362320418
0.326983947119924;0.960664682539683;0.749524753256229;0.538041489765628;0.0913976943912878;0.128746140583023;-0.0604913049977577;0.108807221875625
-0.304445991773368;-0.960664682539683;-0.509628396520245;-0.644138513068017;0.740166980694381;-0.0483757691165787;0.0604913049977577;0.71219403032735
0.304445991773368;0.960664682539683;0.595209368346345;0.42944266698266;0.53501743410585;0.111803637957484;0.0513436249285306;0.535049189162673
0.304445991773368;0.960664682539683;0.765380081359732;-0.188211006776885;0.734447136831325;0.0488173125314525;-0.131411951348493;0.731904166361323
0.28049051071754;0.960664682539683;0.847585087739978;0.267834351663272;0.786516813300699;-0.0480283114256821;-0.439770554493308;0.784395912371707
0.28049051071754;0.960664682539683;0.847585087739978;0.267834351663272;0.786516813300699;-0.0480283114256821;-0.402317880794702;0.784337232847652
0.28049051071754;0.960664682539683;0.847585087739978;0.267834351663272;0.783906866715522;0.130456917398498;-0.474725274725275;0.782354173100859
0.28049051071754;0.960664682539683;0.847585087739978;0.589833704439229;0.700779553915833;0.118335278101906;-0.439770554493308;0.700943662109568
-0.28049051071754;-0.960664682539683;-0.342975361924388;-0.172348647488192;0.603866363089498;-0.127820844099914;-0.0635058861473956;0.581720207667051
-0.28049051071754;-0.960664682539683;-0.342975361924388;-0.172348647488192;0.160454658370514;-0.12543526894271;-0.0635058861473956;0.14594883577816
-0.28049051071754;-0.960664682539683;-0.525165903687143;-0.355013756613757;0.321873076591424;-0.112427531493831;-0.0635058861473956;0.300113409992337
0.28049051071754;0.960664682539683;0.807938244590323;0.267834351663272;0.196011293231903;0.12470235570261;0.0635058861473956;0.209026139733706
0.28049051071754;0.960664682539683;0.842377837974148;0.460662928634092;0.777490213033045;0.121427670576365;-0.158064516129032;0.776639094153669
-0.254452688913216;0.569672131147541;0.088697674702961;0.44081750559688;0.0305764969745299;-0.494511442158641;0.0604913049977577;0.0306683023945786
-0.574897845468054;0.938847117794486;0.719054606640449;-0.679345907465991;0.0895858534334086;-0.445152299422656;-0.351351351351351;0.103096032287369
0.22755439368162;0.960664682539683;0.342975361924388;0.42944266698266;0.211970791579275;0.129205737529438;0.0513436249285306;0.213453123610091
0.213456774572784;0.960664682539683;0.525165903687143;0.639687576275323;0.396279938123433;-0.385182311869666;-0.158064516129032;0.397221173612425
-0.198848523475673;-0.960664682539683;-0.525165903687143;-0.267834351663272;0.490887285881932;-0.124786812490093;-0.0128915934189769;0.467883560611663
0.137662163969506;0.960664682539683;0.847585816075009;0.172348647488192;0.754333795006824;0.113736192332684;-0.4775;0.752883571471782
0.137662163969506;0.960664682539683;0.847585816075009;0.55847619047619;0.759011665537744;0.125407199917004;-0.158064516129032;0.758241873395324
0.137662163969506;0.960664682539683;0.847585087739978;0.576858058874963;0.734447136831325;-0.0480283114256821;-0.403361344537815;0.733771119901386
0.137662163969506;0.960664682539683;0.847585087739978;0.620473278383409;0.754333795006824;0.124655199132187;-0.143388697152718;0.75344073531194
0.137662163969506;0.960664682539683;0.847585087739978;0.47532312221149;0.748713436456702;0.07751360240732;-0.4775;0.746837097475574
0.137662163969506;0.960664682539683;0.847585087739978;0.47532312221149;0.701206982304133;0.0842230266812235;-0.402317880794702;0.700589880266893
0.137662163969506;0.960664682539683;0.845540438397581;0.646562273669489;0.780312967437579;0.12543526894271;-0.474725274725275;0.779237991407179
0.137662163969506;0.960664682539683;0.835356424464036;0.647261345852895;0.750617342609876;0.0842230266812235;-0.439770554493308;0.750390465604548
0.137662163969506;0.960664682539683;0.783477837078843;0.641797699513815;0.753622505107654;0.113736192332684;-0.403361344537815;0.752915298026824
0.137662163969506;0.960664682539683;0.250987146943874;0.0707349665924276;0.350250952009272;-0.0480283114256821;0.0635058861473956;0.346188748214297
0.137662163969506;0.960664682539683;0.740560480781668;0.538041489765628;0.591044224047346;0.130456917398498;-0.403361344537815;0.592218393848827
0.137662163969506;0.960664682539683;0.749524753256229;-0.441409561910758;0.767716311472435;-0.519136690647482;-0.402317880794702;0.75994363150529
0.137662163969506;0.960664682539683;0.785533256504671;0.620473278383409;0.762917487656584;-0.263919333625603;-0.403361344537815;0.761427579438694
0.137662163969506;0.960664682539683;0.82517573740368;0.0145326278659614;0.661769930724495;0.113736192332684;-0.403361344537815;0.661546740617223
0.099549034843151;0.960664682539683;0.250987146943874;0.0707349665924276;0.257019580196557;-0.094886922320551;0.0513436249285306;0.254914195859841
-0.0380520323658416;-0.960664682539683;-0.525165903687143;-0.221023281751011;0.223889235632698;-0.111507150715072;0.143388697152718;0.204449551163961
0.0380520323658416;0.960664682539683;0.740560480781668;-0.143903036461121;0.734447136831325;0.113736192332684;-0.143388697152718;0.731642374320846
-0.0165519785701663;0.569672131147541;-0.00958186638849045;0.439597551537325;0.53934521719284;-0.503535690460307;-0.0513436249285306;0.523158065282941
-0.0165519785701663;-0.214978902953587;0.243727562391912;-0.592452356283947;0.449526769543563;-0.0889716994803627;0.0604913049977577;0.445725016171185
0.0472055585628612;-0.960664682539683;-0.525165903687143;-0.267834351663272;0.108251750198894;-0.116621812123542;0.131411951348493;0.0898104291754905
0.0675137949427194;0.569672131147541;0.216279309133054;0.440010383986567;0.598399687443683;-0.129205737529438;-0.0635058861473956;0.582867555251808
-0.0675137949427194;0.960664682539683;0.847609520878219;0.538041489765628;0.786440214836663;0.130880898698627;-0.474725274725275;0.785012811255437
-0.0675137949427194;0.960664682539683;0.83233156048097;0.644138513068017;0.771689246758383;0.130456917398498;-0.303951367781155;0.769871573224232
-0.0675137949427194;0.960664682539683;0.525165903687143;0.0707349665924276;0.380695618381424;0.129428897547919;-0.158064516129032;0.381598507814332
-0.0675137949427194;0.960664682539683;0.525165903687143;0.620473278383409;0.443971740492722;0.130880898698627;-0.403361344537815;0.444322253876901
-0.0675137949427194;0.960664682539683;0.749524753256229;-0.44081750559688;0.0876055336012317;-0.410324039186134;-0.303951367781155;0.100832164842713
-0.0675137949427194;0.960664682539683;0.785533256504671;0.513914749420367;0.77266344913547;0.1314058547163;-0.158064516129032;0.770863734538702
-0.0675137949427194;0.960664682539683;0.802834838275545;-0.0959498553519769;0.769968455549806;-0.263919333625603;-0.439770554493308;0.767033572472244
-0.0675137949427194;0.960664682539683;0.816883076732826;0.312879086254431;0.0837752641281404;0.127912752402548;-0.402317880794702;0.104440264067101
-0.0675137949427194;0.960664682539683;0.836582115614374;-0.0959498553519769;0.676950732279868;0.127912752402548;-0.402317880794702;0.676206130268582
-0.169417837751398;0.960664682539683;0.847585816075009;0.589833704439229;0.78435531988439;0.0663310717151816;-0.158064516129032;0.782314552603167
0.169417837751398;-0.960664682539683;-0.342975361924388;-0.267834351663272;0.176971378790117;-0.117038209558985;0.143388697152718;0.162132851273825
0.207130334679316;-0.960664682539683;-0.342975361924388;-0.172348647488192;0.651474599683807;-0.0889716994803627;-0.0128915934189769;0.630027294256761
0.225165130763262;0.569672131147541;-0.428754031404485;0.395829268624684;0.580423119814145;-0.370703904246224;-0.0513436249285306;0.556937058227285
0.259671619252377;0.569672131147541;0.426872378713799;-0.513914749420367;0.658253656531347;-0.126017724111145;-0.00896358543417371;0.644789865498732
-0.259671619252377;0.960664682539683;0.83233156048097;0.620473278383409;0.784880532605138;0.113736192332684;-0.403361344537815;0.78380491532875
0.259671619252377;-0.960664682539683;-0.525165903687143;-0.0707349665924276;0.482124012434458;-0.129205737529438;-0.0635058861473956;0.45976078580597
0.259671619252377;-0.960664682539683;-0.607743854128307;0.143903036461121;0.0387281801056809;-0.429872495446266;-0.189498114302292;0.0204652265556888
-0.259671619252377;0.960664682539683;0.749524753256229;-0.440010383986567;0.127936611487129;-0.263919333625603;-0.4775;0.139630496809851
-0.259671619252377;0.960664682539683;0.757825908678206;-0.188211006776885;0.536565516439447;0.128746140583023;-0.403361344537815;0.537965150856483
-0.259671619252377;0.960664682539683;0.765380081359732;-0.188211006776885;0.43803231063036;0.130880898698627;-0.303951367781155;0.441197411790818
-0.259671619252377;0.960664682539683;0.785533256504671;0.620473278383409;0.785090264915492;0.113736192332684;-0.4775;0.78275758291342
-0.259671619252377;0.960664682539683;0.802834838275545;-0.0959498553519769;0.679610141706958;0.128746140583023;-0.402317880794702;0.678646383856445
-0.259671619252377;0.960664682539683;0.802834838275545;-0.0959498553519769;0.747457609668156;0.113736192332684;-0.474725274725275;0.745306140360355
-0.259671619252377;0.960664682539683;0.82868287949438;0.172348647488192;0.617994965034965;-0.0480283114256821;-0.402317880794702;0.618901403521116
0.276660614813868;-0.938847117794486;0.274762285778084;-0.172348647488192;0.612928080071242;-0.0655028233975592;0.0604913049977577;0.599659312707612
-0.276660614813868;0.960664682539683;0.765380081359732;-0.188211006776885;0.647159558801431;0.129428897547919;-0.131411951348493;0.646073112042724
0.293150136229551;-0.960664682539683;-0.342975361924388;-0.392922963509031;0.463818553744851;-0.126017724111145;0.131411951348493;0.444652781097598
-0.30903228202719;0.63155684754522;0.738943170424865;-0.299093539054966;0.630022137596507;-0.519136690647482;0.0128915934189769;0.625462568033815
0.339996043286979;0.569672131147541;0.088697674702961;0.440010383986567;0.126108050435168;-0.503535690460307;-0.0513436249285306;0.120884433338869
0.383300508213665;-0.960664682539683;-0.250987146943874;0.397371896035299;0.193014817777286;-0.129760575610966;0.131411951348493;0.181127100153928
-0.501757981018119;0.938847117794486;0.719054606640449;-0.236896080793013;0.485667883189141;-0.485872722471613;-0.317663663011617;0.48061371361557
0.410226719996527;0.569672131147541;0.409800116136654;0.0959498553519769;0.545251134769685;-0.117038209558985;-0.429957522915269;0.531967204847374
-0.410226719996527;0.960664682539683;0.847585087739978;0.538709048707454;0.759460337221576;0.0573980415366404;-0.474725274725275;0.755781432841284
-0.410226719996527;0.960664682539683;0.525165903687143;0.460662928634092;0.199244555073727;0.130880898698627;-0.303951367781155;0.205072069894956
-0.410226719996527;0.960664682539683;0.525165903687143;0.576858058874963;0.332913061313745;0.125573192239859;-0.303951367781155;0.33497992828322
-0.410226719996527;0.960664682539683;0.740560480781668;0.355013756613757;0.77266344913547;-0.263919333625603;-0.439770554493308;0.769402015763871
-0.410226719996527;0.960664682539683;0.757825908678206;-0.188211006776885;0.50923449947082;-0.0480283114256821;-0.474725274725275;0.511020135359819
0.410226719996527;-0.960664682539683;-0.757825908678206;-0.267834351663272;0.611082007405587;-0.130880898698627;-0.189498114302292;0.576952548327425
-0.410226719996527;0.960664682539683;0.791529157507119;-0.0959498553519769;-0.00549746968717907;0.128746140583023;-0.303951367781155;0.020145155478633
0.473091229550507;0.569672131147541;0.549824887862575;-0.172348647488192;0.702438592063867;-0.126017724111145;-0.00896358543417371;0.690610019573002
0.484656192247653;0.569672131147541;0.555204175475435;0.440010383986567;0.618278447897887;-0.111507150715072;-0.0513436249285306;0.609596538433418
0.495767582201;-0.960664682539683;-0.525165903687143;-0.267834351663272;0.523840595744948;-0.127820844099914;0.0604913049977577;0.500102333139052
0.49903925670088;0.569672131147541;0.404847573864437;0.397371896035299;0.674097354353772;-0.158974922203917;-0.00896358543417371;0.664724780547616
0.49903925670088;0.569672131147541;0.549824887862575;0.44190815080715;0.424877905740718;-0.124701059104885;-0.0635058861473956;0.413100273315643
0.49903925670088;0.569672131147541;0.571420789495339;0.299093539054966;0.745329677960597;-0.116621812123542;-0.00896358543417371;0.736318006878762
0.49903925670088;0.569672131147541;0.409800116136654;0.0959498553519769;0.420789705077443;-0.113736192332684;-0.368573476702509;0.410339181985452
0.49903925670088;0.569672131147541;-0.428754031404485;0.188211006776885;0.381839668744524;-0.158974922203917;0.143388697152718;0.36331518322043
-0.527137397964279;0.960664682539683;0.525165903687143;0.639687576275323;0.64385726062151;0.118335278101906;-0.439770554493308;0.63975011190473
-0.527137397964279;0.960664682539683;0.740560480781668;0.355013756613757;0.657749182788427;0.117038209558985;-0.474725274725275;0.656920062932467
0.49903925670088;-0.960664682539683;-0.749524753256229;0.229224255280058;0.598399687443683;-0.158974922203917;-0.189498114302292;0.565233429746986
-0.527137397964279;0.960664682539683;0.749524753256229;0.607338387990622;0.500779104239786;0.12543526894271;-0.474725274725275;0.503403361339569
-0.527137397964279;0.960664682539683;0.82517573740368;-0.0424873216181155;0.673316456932052;0.130456917398498;-0.4775;0.672710106602776
0.490549933872605;-0.960664682539683;-0.749524753256229;0.44081750559688;0.334532016246525;-0.111803637957484;0.131411951348493;0.305854763602364
0.48804915434777;0.569672131147541;0.555204175475435;0.44081750559688;0.740262448691826;-0.116621812123542;0.0604913049977577;0.730343212953872
-0.570452784247647;0.960664682539683;0.749524753256229;-0.440010383986567;0.312268117173778;-0.503416149068324;-0.143388697152718;0.315687199879106
0.48804915434777;-0.63155684754522;-0.788128987507812;0.440010383986567;0.108251750198894;-0.429872495446266;0.143388697152718;0.0628258509951569
-0.600168363388503;0.960664682539683;0.607743854128307;-0.0959498553519769;0.493852147191809;0.0926924963217284;-0.131411951348493;0.494021477909647
0.471938775510204;0.569672131147541;0.555204175475435;0.440010383986567;0.676307870573139;-0.128746140583023;-0.189498114302292;0.66397298341587
-0.607285145133751;-0.590396136163098;-0.426872378713799;0.392922963509031;0.345367878238387;0.117038209558985;-0.402317880794702;0.32058052751576
-0.607285145133751;-0.590396136163098;-0.418480159245786;0.172348647488192;0.169520062441262;0.128746140583023;-0.402317880794702;0.149900072781298
-0.607285145133751;-0.590396136163098;0.270044801792072;-0.416198872459862;0.561923432494702;-0.263919333625603;-0.4775;0.553461480685982
-0.607285145133751;0.960664682539683;0.525165903687143;0.639687576275323;0.651463794684872;0.104472029361572;-0.4775;0.647142385972215
-0.607285145133751;0.960664682539683;0.740560480781668;0.355013756613757;0.770673212967744;0.130456917398498;-0.474725274725275;0.767442988554603
0.471938775510204;-0.960664682539683;-0.757825908678206;-0.312879086254431;0.631741017547033;-0.104472029361572;-0.442379039969401;0.597806323225306
0.463781060806231;0.569672131147541;0.426872378713799;-0.392922963509031;0.694557625599189;-0.129760575610966;0.131411951348493;0.682727738214617
0.45458341229982;0.569672131147541;0.555204175475435;0.397371896035299;0.651779999570323;-0.111507150715072;0.131411951348493;0.644074669263015
0.45458341229982;0.569672131147541;0.571420789495339;0.440010383986567;0.668613174492087;-0.129703675761766;0.0604913049977577;0.661010790357058
0.449225447435704;0.569672131147541;0.555204175475435;0.397371896035299;0.607410736796778;-0.1314058547163;0.143388697152718;0.598897382354012
0.449225447435704;0.569672131147541;0.571420789495339;0.299093539054966;0.601621656178439;-0.127806404824612;0.131411951348493;0.593273441083771
0.449225447435704;0.569672131147541;0.426872378713799;0.0959498553519769;0.731255247184461;-0.124655199132187;0.131411951348493;0.718941860576286
0.4363084625945;-0.214978902953587;-0.643589785278401;0.36346958902598;0.414525906247286;-0.114191419141915;0.131411951348493;0.389949852959882
0.429244865998131;-0.938847117794486;-0.448202572255163;-0.303935534930571;0.370178690684176;-0.497907497490541;0.131411951348493;0.346981294517064
0.429244865998131;0.569672131147541;0.549824887862575;-0.172348647488192;0.730931247080435;-0.124655199132187;0.0604913049977577;0.721705047917318
0.429244865998131;0.569672131147541;0.426872378713799;-0.267834351663272;0.688950932159404;-0.129011697951885;-0.0513436249285306;0.677326369629031
0.429244865998131;0.569672131147541;0.426872378713799;-0.392922963509031;0.618918816436417;-0.111507150715072;0.131411951348493;0.604363665672153
0.412040363137613;-0.938847117794486;0.244272202395884;0.440010383986567;0.745641646831536;-0.429872495446266;-0.189498114302292;0.732453191988143
0.412040363137613;0.569672131147541;0.549824887862575;0.299093539054966;0.559325509011577;-0.117038209558985;-0.189498114302292;0.543336706797164
0.412040363137613;0.569672131147541;0.571420789495339;0.299093539054966;0.164016581715612;-0.125407199917004;-0.00896358543417371;0.178462368510475
0.412040363137613;0.569672131147541;0.409800116136654;0.0959498553519769;0.710429923991882;-0.130456917398498;-0.336245210727969;0.698944281354887
0.412040363137613;0.569672131147541;-0.250987146943874;0.336724808491132;0.363496149409491;-0.429872495446266;-0.429957522915269;0.347647509368061
-0.66215791483441;0.960664682539683;0.847585087739978;0.267834351663272;0.746907716458817;0.118335278101906;-0.4775;0.745482038422622
-0.66215791483441;0.960664682539683;0.525165903687143;0.172348647488192;0.64385726062151;0.104472029361572;-0.474725274725275;0.639583858767666
0.412040363137613;-0.960664682539683;-0.655152481241748;0.344012068090339;0.729629165045488;-0.111803637957484;-0.00896358543417371;0.700213446487598
-0.66215791483441;0.960664682539683;0.7972940830739;0.122771218967109;0.357455069108159;-0.263919333625603;-0.4775;0.363078281626584
0.4011941230804;-0.938847117794486;0.274762285778084;0.440010383986567;0.664547881608652;-0.113736192332684;0.131411951348493;0.653010027376957
0.389658740464211;0.569672131147541;0.426872378713799;-0.392922963509031;0.641124034270108;-0.124655199132187;0.0604913049977577;0.627578055114933
-0.337801735433714;0.938847117794486;0.596547568587362;0.333826534207004;0.121601552866678;0.463507436873054;-0.293274816057829;0.129807408764429
0.337801735433714;0.569672131147541;0.549824887862575;-0.172348647488192;0.744069438648839;-0.127806404824612;0.131411951348493;0.733368137821174
0.308741909140402;-0.938847117794486;-0.482543935545694;-0.450366405403683;0.607410736796778;-0.470544783010157;0.131411951348493;0.576330744716575
0.308741909140402;-0.938847117794486;0.160570191282687;0.236896080793013;0.289923798867788;-0.128746140583023;0.0604913049977577;0.282960302380326
0.308741909140402;0.569672131147541;0.555204175475435;0.397371896035299;0.440225969214019;-0.112776907585589;0.131411951348493;0.437822828654392
0.292309886957728;0.569672131147541;0.571420789495339;-0.172348647488192;0.650893718299583;-0.122518334025183;-0.0128915934189769;0.642739610607769
0.274861552499921;0.569672131147541;0.404847573864437;-0.267834351663272;0.709608028495959;-0.113736192332684;-0.408080808080808;0.699147837002441
0.274861552499921;0.569672131147541;0.404847573864437;0.299093539054966;0.721774902375903;-0.128746140583023;-0.408080808080808;0.711116467187214
0.274861552499921;0.569672131147541;0.549824887862575;-0.172348647488192;0.744228894563577;-0.130880898698627;-0.189498114302292;0.733558476664134
0.274861552499921;0.569672131147541;0.549824887862575;0.299093539054966;0.540846357756592;-0.117038209558985;-0.336245210727969;0.525195186711866
-0.685054233399643;-0.590396136163098;-0.589676783710556;-0.299093539054966;0.2150802142723;-0.490664919751065;-0.439770554493308;0.175180959864602
0.274861552499921;0.569672131147541;0.571420789495339;0.0959498553519769;0.731427156251282;-0.117038209558985;-0.189498114302292;0.722828315713527
0.274861552499921;0.569672131147541;0.571420789495339;0.299093539054966;0.224875169322401;-0.125407199917004;0.143388697152718;0.234650400452977
0.274861552499921;0.569672131147541;-0.250987146943874;0.424969826222477;0.580423119814145;-0.113736192332684;-0.00896358543417371;0.561061196205038
-0.685054233399643;0.960664682539683;0.740560480781668;0.392922963509031;0.727683400364264;0.125573192239859;-0.4775;0.72572011267393
0.274861552499921;-0.960664682539683;-0.749524753256229;0.44190815080715;0.487428767201991;-0.113736192332684;-0.429957522915269;0.456808229968105
0.274861552499921;-0.960664682539683;-0.757825908678206;-0.267834351663272;0.728351481562396;-0.0676996280736625;-0.00896358543417371;0.701291211230465
-0.685054233399643;0.63155684754522;0.738943170424865;-0.188211006776885;0.713401591598983;-0.410324039186134;-0.474725274725275;0.707960494790039
0.183557787740853;0.569672131147541;0.571420789495339;0.440010383986567;0.251815147672204;-0.122518334025183;0.131411951348493;0.258979137353114
-0.157780324369718;0.938847117794486;0.711655169469299;0.530832801099305;0.539772845754184;0.490664919751065;-0.317663663011617;0.536510288635787
0.157780324369718;0.569672131147541;0.404847573864437;0.229224255280058;0.458581584002085;-0.118335278101906;0.143388697152718;0.453064594895941
0.157780324369718;0.569672131147541;0.404847573864437;0.440010383986567;0.181980489526882;-0.124371499283574;-0.00896358543417371;0.187069103887742
-0.0720759097845718;0.938847117794486;0.596547568587362;0.170490434056326;0.362834783201992;-0.235112483458313;-0.317663663011617;0.359758965817305
0.0413285299556388;-0.938847117794486;-0.448202572255163;-0.303935534930571;0.743183833536515;-0.464189968426823;0.131411951348493;0.71689993214995
0.0413285299556388;0.569672131147541;0.303719699504243;0.395829268624684;0.623464871336087;-0.126618587784705;0.131411951348493;0.610790376656869
0.00822615298584327;-0.938847117794486;-0.596547568587362;-0.530832801099305;0.59431299187554;-0.453372722796652;-0.368573476702509;0.556735033771235
0.00822615298584327;-0.938847117794486;-0.502438979813764;0.035777771507576;0.494433333192387;-0.502614766515181;-0.368573476702509;0.468752782194814
0.00822615298584327;0.569672131147541;0.303719699504243;0.440010383986567;0.616041476022198;-0.429872495446266;-0.408080808080808;0.594034507481387
0.00822615298584327;0.569672131147541;0.404847573864437;-0.267834351663272;0.72577458820063;-0.158974922203917;-0.408080808080808;0.711877045331007
0.00822615298584327;0.569672131147541;0.404847573864437;-0.267834351663272;0.664571754387386;-0.130456917398498;-0.429957522915269;0.647940117045451
0.00822615298584327;0.569672131147541;0.404847573864437;-0.576858058874963;0.361523688935739;-0.07751360240732;-0.00896358543417371;0.358501469346256
0.00822615298584327;0.569672131147541;0.404847573864437;0.397371896035299;0.563433992603162;-0.117038209558985;-0.189498114302292;0.55455731708397
0.00822615298584327;0.569672131147541;0.549824887862575;0.299093539054966;0.718251330266146;-0.113736192332684;-0.408080808080808;0.70989399225555
0.00822615298584327;0.569672131147541;0.549824887862575;0.299093539054966;0.598399687443683;-0.117038209558985;-0.429957522915269;0.581510939287589
0.00822615298584327;0.569672131147541;0.549824887862575;0.299093539054966;0.31928550321391;-0.128746140583023;-0.429957522915269;0.312181015434413
-0.00822615298584327;-0.569672131147541;-0.580467342453071;-0.722691853737896;0.261214635324071;-0.445152299422656;0.189498114302292;0.218275401482867
0.00822615298584327;0.569672131147541;0.571420789495339;0.397371896035299;0.269974713905949;-0.130456917398498;-0.336245210727969;0.27635066136283
0.00822615298584327;0.569672131147541;0.571420789495339;0.397371896035299;0.718636238683885;-0.130456917398498;-0.429957522915269;0.707809688624413
0.00822615298584327;0.569672131147541;0.418480159245786;0.188211006776885;0.278899037999984;-0.113736192332684;-0.368573476702509;0.273030808461848
0.00822615298584327;0.569672131147541;0.0513829017337403;0.188211006776885;0.636098381953537;-0.158974922203917;-0.189498114302292;0.620028846469093
0.00822615298584327;-0.960664682539683;-0.749524753256229;0.44190815080715;0.584134585481779;-0.158974922203917;-0.442379039969401;0.550933989325145
-0.683926172057282;0.63155684754522;0.738943170424865;0.172348647488192;0.786348645124403;-0.410324039186134;-0.4775;0.780233349311264
-0.107590199816425;0.569672131147541;0.555204175475435;-0.584996785239014;0.582676063373216;-0.444304204283168;0.131411951348493;0.563611956382671
0.144127248732374;0.938847117794486;0.448202572255163;-0.0796678301434219;0.0895858534334086;0.42956458104647;-0.317663663011617;0.0922234570850045
-0.144127248732374;0.569672131147541;0.571420789495339;-0.392922963509031;0.554809603550216;-0.129703675761766;-0.0513436249285306;0.547817676874907
0.179276263350869;0.938847117794486;0.596547568587362;0.333826534207004;0.673782542873452;0.358769476628047;-0.293274816057829;0.667127204050129
0.179276263350869;0.938847117794486;0.482543935545694;0.450366405403683;0.454324034402869;0.506614390474116;-0.168019693081234;0.447928918977111
0.179276263350869;0.938847117794486;0.482543935545694;0.333826534207004;0.732816352315554;0.490664919751065;0.00896358543417371;0.722068230468441
-0.179276263350869;0.569672131147541;0.303719699504243;0.0959498553519769;0.740818368210778;-0.125474667478932;-0.00896358543417371;0.727421821190705
-0.179276263350869;0.569672131147541;0.404847573864437;0.440010383986567;0.467395563606756;-0.129205737529438;0.143388697152718;0.461408538695625
0.333861734918538;0.938847117794486;0.482543935545694;-0.035777771507576;0.382737948790342;-0.291091593475534;-0.317663663011617;0.376049845350472
-0.333861734918538;-0.938847117794486;-0.471726131808923;-0.530832801099305;0.0972922689791161;-0.481520110291914;-0.442379039969401;0.0792117700667469
-0.333861734918538;-0.938847117794486;-0.448202572255163;-0.333826534207004;0.577307647905712;-0.422825887571497;-0.368573476702509;0.549337311056365
0.333861734918538;0.938847117794486;-0.274762285778084;-0.619929297889808;0.659157976993297;-0.445152299422656;-0.168019693081234;0.632032720386056
-0.333861734918538;0.569672131147541;0.404847573864437;0.299093539054966;0.691697721773412;-0.113736192332684;-0.408080808080808;0.68223646317645
0.333861734918538;-0.569672131147541;-0.555204175475435;-0.619929297889808;0.495728377933643;-0.36281881173522;0.189498114302292;0.457201519501015
-0.333861734918538;0.569672131147541;-0.113335721611104;0.236896080793013;0.726145073889204;-0.411193325416401;0.131411951348493;0.706179975393063
0.361322368556648;0.938847117794486;0.719054606640449;0.558761395898358;0.747670039893061;-0.132950741272119;-0.317663663011617;0.740949492251339
0.460508190079296;0.938847117794486;0.719406716538748;0.273393552177425;0.557739045484585;0.463507436873054;-0.317663663011617;0.554417617892371
0.460508190079296;0.938847117794486;0.719054606640449;0.575089157267375;0.746321045839645;0.504118291837236;0.00896358543417371;0.739885042518471
0.460508190079296;-0.569672131147541;-0.646549548981265;-0.395829268624684;0.341954297667782;-0.473282442748091;0.00896358543417371;0.270630501283263
-0.52291632145816;0.569672131147541;-0.113335721611104;-0.0921875426667758;0.623464871336087;-0.111507150715072;0.131411951348493;0.604106474764653
0.561726212794829;0.938847117794486;0.664282984826279;0.420627297911687;0.744181610788999;0.374850893223965;0.429957522915269;0.725547310996865
0.561726212794829;0.938847117794486;0.664282984826279;0.575089157267375;0.733974652145266;0.458910238559361;-0.168019693081234;0.721721958741055
0.561726212794829;0.938847117794486;0.664282984826279;0.588646167075826;0.681764289158347;0.481520110291914;0.189498114302292;0.678550900481313
0.561726212794829;0.938847117794486;0.719406716538748;0.516577013260822;0.747975747971553;0.0480283114256821;-0.168019693081234;0.740853563659382
0.561726212794829;0.938847117794486;0.596547568587362;0.530832801099305;0.725587384205979;0.0480283114256821;0.189498114302292;0.71882734753726
0.561726212794829;0.938847117794486;0.596547568587362;0.530832801099305;0.72536333054104;0.490664919751065;0.00896358543417371;0.718444608833444
-0.561726212794829;-0.938847117794486;-0.471726131808923;-0.530832801099305;0.59803198874256;-0.502614766515181;-0.368573476702509;0.566318614351618
0.561726212794829;0.938847117794486;0.448202572255163;0.333826534207004;0.707430212891521;0.263919333625603;0.336245210727969;0.697317725360683
-0.561726212794829;0.569672131147541;0.303719699504243;0.440010383986567;0.219325930478348;-0.12543526894271;-0.336245210727969;0.219729831043326
0.561726212794829;-0.569672131147541;-0.404847573864437;-0.679345907465991;0.481206759500044;-0.463768115942029;0.189498114302292;0.450267713412824
0.561726212794829;-0.569672131147541;-0.404847573864437;-0.714286163531902;0.251261592022656;-0.484101976511028;0.336245210727969;0.221417382068921
-0.561726212794829;0.569672131147541;0.404847573864437;0.299093539054966;0.724031012761564;-0.12543526894271;-0.429957522915269;0.713219576899255
-0.561726212794829;0.569672131147541;0.571420789495339;0.397371896035299;0.590504326983375;-0.113736192332684;-0.408080808080808;0.582356834709972
0.633176559895705;0.938847117794486;0.664282984826279;0.548496027545205;0.747719368347652;0.505123469457555;-0.168019693081234;0.736894328807248
0.633176559895705;0.938847117794486;0.719406716538748;0.383938349219225;0.654445701114758;0.140878701050619;-0.317663663011617;0.649690758466337
0.633176559895705;0.938847117794486;0.719054606640449;0.588646167075826;0.716851329435654;0.475724232617438;-0.168019693081234;0.711722979543999
0.633176559895705;0.938847117794486;0.596547568587362;0.450366405403683;0.706994469835679;0.358769476628047;-0.168019693081234;0.700311142459506
0.633176559895705;0.938847117794486;0.471726131808923;-0.395829268624684;0.565697951948195;0.297790994052678;0.00896358543417371;0.555879307577869
0.685207173209382;0.938847117794486;0.598473487664823;0.52434342544465;0.748014341105941;0.397925966833878;0.368573476702509;0.731088047973622
0.685207173209382;0.938847117794486;0.664282984826279;0.530832801099305;0.198163646408335;0.374850893223965;0.368573476702509;0.21441544610605
0.685207173209382;0.938847117794486;0.67566538565574;0.548496027545205;0.401738773293057;0.330391831619301;0.368573476702509;0.398340970892834
-0.685207173209382;-0.938847117794486;-0.683502938225598;-0.588646167075826;0.384907071181989;-0.397925966833878;-0.368573476702509;0.31557002566273
0.685207173209382;0.938847117794486;0.719054606640449;0.584996785239014;-0.0237505276013892;0.481520110291914;0.368573476702509;0.0123942968364086
0.685207173209382;0.938847117794486;0.719054606640449;0.450366405403683;0.737952310165727;0.263919333625603;0.189498114302292;0.732159581766688
0.685207173209382;0.938847117794486;0.719054606640449;0.450366405403683;0.675120576986512;0.490664919751065;0.429957522915269;0.670011262262006
0.685207173209382;0.938847117794486;0.596547568587362;0.530832801099305;0.704688048777061;0.410324039186134;0.442379039969401;0.698345079738771
0.685207173209382;0.938847117794486;0.596547568587362;0.530832801099305;0.241034283927065;0.506614390474116;0.429957522915269;0.243537104536137
-0.685207173209382;-0.938847117794486;-0.596547568587362;-0.530832801099305;0.634226246867725;-0.453372722796652;-0.429957522915269;0.596814789382341
0.685207173209382;0.938847117794486;0.471726131808923;0.530832801099305;0.473537678189939;0.506614390474116;0.442379039969401;0.466561018551642
0.685207173209382;0.938847117794486;0.448202572255163;-0.035777771507576;0.746000747952179;-0.132950741272119;-0.168019693081234;0.732054347040358
0.685207173209382;-0.569672131147541;-0.303719699504243;-0.619929297889808;0.105832671241122;-0.445152299422656;0.189498114302292;0.0853224658348642
-0.685207173209382;0.569672131147541;0.404847573864437;-0.639687576275323;0.59924510765946;-0.07751360240732;-0.189498114302292;0.585476060546965
-0.685207173209382;0.569672131147541;0.404847573864437;-0.639687576275323;0.73216996060942;-0.104472029361572;-0.189498114302292;0.716457879139734
-0.685207173209382;0.569672131147541;0.404847573864437;0.299093539054966;0.68675149496163;-0.130880898698627;-0.336245210727969;0.677351373238246
0.713010665413587;0.938847117794486;0.719406716538748;0.543906119027661;0.732816352315554;0.497907497490541;0.00896358543417371;0.727155189200016
0.735469727769142;0.938847117794486;0.5426472632722;0.437283256802138;0.740383584571488;0.397925966833878;0.368573476702509;0.717255870769424
-0.735469727769142;-0.938847117794486;-0.5426472632722;-0.437283256802138;0.702935258821535;-0.397925966833878;-0.368573476702509;0.583534393127489
0.735469727769142;0.938847117794486;0.544742114019897;0.453844137898173;0.747854151234887;0.35184439443589;0.368573476702509;0.721753370831595
0.735469727769142;0.938847117794486;0.574604203425636;0.470876791211344;0.747128070671703;0.330391831619301;0.368573476702509;0.724290574522819
0.735469727769142;0.938847117794486;0.664282984826279;0.585342789598109;0.733512904866976;0.481520110291914;0.408080808080808;0.726785083471285
0.735469727769142;0.938847117794486;0.664282984826279;0.585342789598109;0.745758913437862;0.502614766515181;0.442379039969401;0.736896125407624
0.735469727769142;0.938847117794486;0.719406716538748;0.549635236684768;0.712723491310215;0.410324039186134;0.408080808080808;0.707883324264416
0.735469727769142;0.938847117794486;0.719406716538748;0.549635236684768;0.70175087430628;0.490664919751065;0.442379039969401;0.696870980905866
0.735469727769142;0.938847117794486;0.719406716538748;0.501306363253266;0.684983280221297;0.410324039186134;0.189498114302292;0.681827745302397
0.735469727769142;0.938847117794486;0.719054606640449;0.584996785239014;0.731156943584977;0.502614766515181;0.408080808080808;0.725790415385797
-0.735469727769142;-0.938847117794486;-0.686575269607329;-0.574227922719396;0.280065121970128;-0.308797400532338;-0.368573476702509;0.236993186045544
0.735469727769142;0.938847117794486;0.596547568587362;0.530832801099305;0.734955965470343;0.410324039186134;0.336245210727969;0.726855613180689
0.735469727769142;0.938847117794486;0.596547568587362;0.530832801099305;0.737480620253605;0.0480283114256821;0.429957522915269;0.729677935238232
0.735469727769142;0.938847117794486;0.596547568587362;0.530832801099305;0.683992963167863;0.490664919751065;0.408080808080808;0.677813895752399
0.735469727769142;0.938847117794486;0.596547568587362;0.530832801099305;0.671691611115593;0.263919333625603;0.442379039969401;0.665648232702318
0.735469727769142;0.938847117794486;0.471726131808923;0.530832801099305;0.741059740977356;-0.316904276985744;0.336245210727969;0.730459959512034
-0.735469727769142;-0.938847117794486;-0.471726131808923;-0.530832801099305;0.0972922689791161;-0.481520110291914;-0.429957522915269;0.0791657268376013
0.735469727769142;0.938847117794486;0.448202572255163;0.333826534207004;0.690129252368351;-0.408976660682226;0.336245210727969;0.682279551310486
0.735469727769142;0.938847117794486;0.448202572255163;0.240949881264842;0.644272323661637;0.0480283114256821;0.429957522915269;0.635374600178346
0.728405928720295;0.938847117794486;0.574604203425636;0.470876791211344;0.661632247620206;0.453372722796652;0.429957522915269;0.654877293042731
0.728405928720295;0.938847117794486;0.664282984826279;0.548496027545205;0.740823854658634;0.506614390474116;0.442379039969401;0.732572010776666
0.728405928720295;0.938847117794486;0.664282984826279;0.585342789598109;0.543001144525736;0.502614766515181;0.408080808080808;0.543648356057737
0.728405928720295;0.938847117794486;0.664282984826279;0.588646167075826;0.658116534462062;0.502614766515181;0.408080808080808;0.656039279997509
0.728405928720295;0.938847117794486;0.664282984826279;0.530832801099305;0.733512904866976;0.502614766515181;0.429957522915269;0.726192339720861
0.728405928720295;0.938847117794486;0.711655169469299;0.585342789598109;0.344101263861743;0.453372722796652;0.429957522915269;0.346809850294559
0.728405928720295;0.938847117794486;0.711655169469299;0.588646167075826;0.685824727631128;0.490664919751065;0.429957522915269;0.683462225581627
0.728405928720295;0.938847117794486;0.719406716538748;0.568844692213684;0.747523138190324;0.490664919751065;0.429957522915269;0.741092841065438
0.728405928720295;0.938847117794486;0.719054606640449;0.585342789598109;0.686337020358793;0.490664919751065;0.429957522915269;0.680118421923022
0.728405928720295;0.938847117794486;0.719054606640449;0.584996785239014;0.743660808448814;0.502614766515181;0.442379039969401;0.73753928921161
0.728405928720295;0.938847117794486;0.719054606640449;0.558761395898358;0.724565286421733;0.410324039186134;0.442379039969401;0.72085139955809
0.728405928720295;0.938847117794486;0.719054606640449;0.530832801099305;0.672492200591943;0.0480283114256821;0.336245210727969;0.669894353019665
0.728405928720295;0.938847117794486;0.719054606640449;0.450366405403683;0.655256231662202;0.502614766515181;0.00896358543417371;0.650755564804171
0.728405928720295;0.938847117794486;0.719054606640449;0.450366405403683;0.593377755268898;0.490664919751065;0.429957522915269;0.590591617306836
0.728405928720295;0.938847117794486;0.596547568587362;0.530832801099305;0.539772845754184;0.463507436873054;0.00896358543417371;0.535065135132598
0.728405928720295;0.938847117794486;0.596547568587362;0.530832801099305;0.181265075521734;0.263919333625603;0.00896358543417371;0.18706382987332
0.728405928720295;0.938847117794486;0.502438979813764;-0.035777771507576;0.685191254117219;0.263919333625603;0.442379039969401;0.675359018397009
0.728405928720295;0.938847117794486;0.448202572255163;0.333826534207004;0.74591373882413;-0.408976660682226;0.442379039969401;0.733181032058942
0.728405928720295;0.938847117794486;0.448202572255163;-0.035777771507576;0.437500595433508;-0.170470423847229;0.00896358543417371;0.429497777898321
-0.728405928720295;-0.938847117794486;-0.448202572255163;0.0796678301434219;0.735127761931379;-0.502614766515181;-0.189498114302292;0.708541107132442
0.67546412651132;0.938847117794486;0.5426472632722;0.437283256802138;0.597403348707505;0.453372722796652;0.429957522915269;0.593321032035083
0.67546412651132;0.938847117794486;0.598473487664823;0.52434342544465;0.597119170024547;0.481520110291914;0.429957522915269;0.595552254883414
0.67546412651132;0.938847117794486;0.664282984826279;0.586947380631316;0.609955215374192;0.506614390474116;0.429957522915269;0.609498240308638
0.67546412651132;0.938847117794486;0.683502938225598;0.575089157267375;0.596231342809598;0.481520110291914;0.408080808080808;0.595754845421372
0.67546412651132;0.938847117794486;0.719054606640449;0.575089157267375;0.725343757304651;0.506614390474116;0.429957522915269;0.721522488215124
0.67546412651132;0.938847117794486;0.719054606640449;0.574227922719396;0.735146211060202;0.410324039186134;0.442379039969401;0.730416811173445
0.619540967744937;0.938847117794486;0.598473487664823;0.49249019555768;0.691418063212635;0.453372722796652;0.442379039969401;0.683664073936548
0.619540967744937;0.938847117794486;0.664282984826279;0.530832801099305;0.583597881233706;0.263919333625603;0.429957522915269;0.583208435466778
-0.619540967744937;-0.938847117794486;-0.719054606640449;-0.575089157267375;0.123430283868902;-0.453372722796652;-0.429957522915269;0.0783032587361509
0.619540967744937;0.938847117794486;0.596547568587362;0.48632806052867;0.746117508053126;0.410324039186134;0.368573476702509;0.733458974673397
0.568298344686706;0.938847117794486;0.711655169469299;0.470876791211344;0.695855852466366;0.263919333625603;0.368573476702509;0.691322979571599
0.568298344686706;0.938847117794486;0.502438979813764;0.517819380937317;0.746656879323713;-0.170470423847229;0.368573476702509;0.733366407999692
0.52197887938693;0.938847117794486;0.471726131808923;0.539406153432756;0.662557153145186;-0.463768115942029;0.368573476702509;0.656620994120132
